1920x1080 12555.13 4363.16 4772.34 
1440x1080 9382.52 3337.74 3616.66 
1280x720 5231.32 1854.45 2239.99 
960x720 2988.69 1160.05 1274.66 
853x480 1744.59 635.42 751.58 
640x480 1193.81 489.63 505.74 
640x360 920.87 368.28 368.17 
480x360 681.39 279.31 305.30 
Level-2_1920x1080_00023.jpg 14935.612 5184.38 5406.17 
Level-2_1920x1080_00026.jpg 13577.343 5600.118 5664.026 
Level-2_1920x1080_00080.jpg 13572.614 5148.73 5775.526 
Level-2_1920x1080_00248.jpg 17359.132 5480.663 5683.225 
Level-2_1920x1080_00309.jpg 13276.668 5163.284 5475.149 
Level-2_1920x1080_00477.jpg 13575.234 5093.414 5583.218 
Level-2_1920x1080_00636.jpg 13282.315 5076.377 5665.304 
Level-2_1920x1080_00640.jpg 12827.671 5203.178 5664.009 
Level-2_1920x1080_00667.jpg 13516.503 5474.887 6104.847 
Level-2_1920x1080_00732.jpg 16579.455 5198.663 5645.041 
Level-2_1920x1080_00953.jpg 13138.93 5094.225 5188.023 
Level-2_1920x1080_00971.jpg 9149.165 3407.659 3702.338 
Level-2_1920x1080_01084.jpg 8905.36 3339.315 3725.373 
Level-2_1920x1080_01226.jpg 16138.164 3401.068 3701.362 
Level-2_1920x1080_01244.jpg 13910.627 3279.958 3675.675 
Level-2_1920x1080_01443.jpg 10130.724 3338.337 3744.51 
Level-2_1920x1080_01460.jpg 8683.07 3252.528 3688.175 
Level-2_1920x1080_01508.jpg 10299.106 3374.818 3544.924 
Level-2_1920x1080_01510.jpg 11088.782 3272.599 3636.192 
Level-2_1920x1080_01592.jpg 10952.845 3349.05 3620.84 
Level-2_1920x1080_01664.jpg 8646.68 3372.074 3751.629 
Level-2_1920x1080_01683.jpg 10374.162 3302.944 3684.246 
Level-2_1920x1080_01839.jpg 8693.44 3334.827 3740.145 
Level-2_1920x1080_01840.jpg 8690.912 3316.62 3795.323 
Level-2_1920x1080_01841.jpg 8608.298 3347.823 3717.671 
Level-2_1920x1080_01851.jpg 8766.248 3239.369 3608.275 
Level-2_1920x1080_01859.jpg 9016.677 3438.751 3563.93 
Level-2_1920x1080_01981.jpg 8552.008 3374.739 3558.847 
Level-2_1920x1080_02091.jpg 8391.192 3488.709 3776.096 
Level-2_1920x1080_02190.jpg 8640.429 3234.839 3604.189 
Level-2_1920x1080_02283.jpg 10119.93 3295.28 3542.435 
Level-2_1920x1080_02351.jpg 10845.464 3421.445 3742.958 
Level-2_1920x1080_02446.jpg 8845.376 3322.527 3955.157 
Level-2_1920x1080_02458.jpg 10207.963 3449.755 3535.926 
Level-2_1920x1080_02641.jpg 9026.049 3262.613 3611.883 
Level-2_1920x1080_02667.jpg 9888.286 3509.885 3704.528 
Level-2_1920x1080_02691.jpg 9213.701 3251.418 3536.959 
Level-2_1920x1080_02926.jpg 9046.504 3174.004 3419.941 
Level-2_1920x1080_02930.jpg 9536.543 3446.049 3697.672 
Level-2_1920x1080_02934.jpg 10107.346 3421.476 3578.436 
Level-2_1920x1080_02942.jpg 10129.539 3293.133 3587.172 
Level-2_1920x1080_02954.jpg 9956.64 3306.214 3540.821 
Level-2_1920x1080_02956.jpg 14352.052 3366.964 3700.25 
Level-2_1920x1080_02958.jpg 9079.494 3356.207 3615.591 
Level-2_1920x1080_02965.jpg 8422.102 3314.417 3740.952 
Level-2_1920x1080_03010.jpg 11615.852 3279.764 3602.359 
Level-2_1920x1080_03021.jpg 10720.165 3527.693 5811.213 
Level-2_1920x1080_03093.jpg 12510.376 4774.28 5393.934 
Level-2_1920x1080_03103.jpg 13897.826 5043.674 6053.604 
Level-2_1920x1080_03104.jpg 12690.826 5094.964 5638.752 
Level-2_1920x1080_03117.jpg 14734.083 5191.975 5490.466 
Level-2_1920x1080_03119.jpg 13066.143 5085.639 5657.369 
Level-2_1920x1080_03120.jpg 15143.945 5059.455 5637.594 
Level-2_1920x1080_03206.jpg 13949.849 5486.056 5424.821 
Level-2_1920x1080_03229.jpg 20943.85 5048.163 5557.614 
Level-2_1920x1080_03235.jpg 14609.714 5063.31 5488.476 
Level-2_1920x1080_03237.jpg 15087.131 4870.209 5610.831 
Level-2_1920x1080_03271.jpg 12823.765 5242.449 5627.68 
Level-2_1920x1080_03288.jpg 16472.478 5017.63 5690.583 
Level-2_1920x1080_03326.jpg 17867.028 5169.188 5534.63 
Level-2_1920x1080_03345.jpg 13665.932 5264.394 5645.153 
Level-2_1920x1080_03360.jpg 16067.907 5264.359 5903.653 
Level-2_1920x1080_03467.jpg 14253.832 4997.221 5530.411 
Level-2_1920x1080_06430.jpg 12556.255 5332.151 5567.284 
Level-2_1920x1080_06432.jpg 12105.727 5075.877 5544.213 
Level-2_1920x1080_06435.jpg 15161.785 5385.345 5961.855 
Level-2_1920x1080_06436.jpg 14118.927 5940.767 6217.368 
Level-2_1920x1080_06441.jpg 14359.163 5343.804 5726.341 
Level-2_1920x1080_06442.jpg 19145.293 5176.485 5590.808 
Level-2_1920x1080_06460.jpg 13972.878 5037.687 5657.1 
Level-2_1920x1080_06463.jpg 12900.772 5139.866 5395.417 
Level-2_1920x1080_06471.jpg 13073.378 5580.315 5930.628 
Level-2_1920x1080_06505.jpg 12732.195 5043.697 5639.604 
Level-2_1920x1080_06507.jpg 14934.876 5041.988 5614.765 
Level-2_1920x1080_06535.jpg 14575.794 5197.847 5614.189 
Level-2_1920x1080_06942.jpg 16031.379 4987.72 5677.393 
Level-2_1920x1080_06943.jpg 18441.795 5015.625 5674.459 
Level-2_1920x1080_06946.jpg 14603.022 5232.648 5344.78 
Level-2_1920x1080_06971.jpg 16172.5 5413.782 5477.612 
Level-2_1920x1080_06981.jpg 17347.684 5251.763 5649.237 
Level-2_1440x1080_06229.jpg 6872.88 2720.155 2700.624 
Level-2_1440x1080_06248.jpg 6017.93 2589.142 2706.363 
Level-2_1440x1080_06250.jpg 6167.995 2559.089 2671.728 
Level-2_1440x1080_06252.jpg 6304.394 2511.119 2916.074 
Level-2_1440x1080_06270.jpg 10215.267 2573.243 2857.348 
Level-2_1440x1080_06273.jpg 6400.368 2589.835 2765.622 
Level-2_1440x1080_06280.jpg 6714.411 2645.257 2718.408 
Level-2_1440x1080_06284.jpg 7201.525 2498.951 2662.365 
Level-2_1440x1080_06286.jpg 6435.353 2550.328 2697.217 
Level-2_1440x1080_06326.jpg 6530.914 2759.477 2660.502 
Level-2_1440x1080_06333.jpg 6387.794 2506.367 2671.974 
Level-2_1440x1080_06338.jpg 6691.074 2630.385 3172.305 
Level-2_1440x1080_06358.jpg 7073.713 2686.468 2719.108 
Level-2_1440x1080_06362.jpg 6890.176 2494.169 2650.24 
Level-2_1440x1080_06430.jpg 6463.205 2578.45 2682.609 
Level-2_1440x1080_06431.jpg 9944.425 2566.522 2700.472 
Level-2_1440x1080_06432.jpg 5825.563 2510.497 2803.548 
Level-2_1440x1080_06433.jpg 6639.411 2465.533 2751.977 
Level-2_1440x1080_06441.jpg 6937.465 2512.025 2676.945 
Level-2_1440x1080_06446.jpg 7569.937 2527.351 2645.601 
Level-2_1440x1080_06463.jpg 6408.519 2600.765 2673.723 
Level-2_1440x1080_06468.jpg 6506.191 2558.354 2749.625 
Level-2_1440x1080_06505.jpg 6125.993 2557.799 2862.132 
Level-2_1440x1080_06522.jpg 6820.902 2537.344 2841.506 
Level-2_1440x1080_06523.jpg 6081.238 2484.924 2870.17 
Level-2_1440x1080_06535.jpg 6683.259 2585.339 2795.252 
Level-2_1440x1080_06537.jpg 6058.54 2444.609 2789.304 
Level-2_1440x1080_06565.jpg 6863.824 2542.602 2731.796 
Level-2_1440x1080_06569.jpg 6405.514 2571.03 2780.985 
Level-2_1440x1080_06577.jpg 7566.645 2532.502 2805.322 
Level-2_1440x1080_06580.jpg 6400.747 2562.537 3062.873 
Level-2_1440x1080_06583.jpg 5921.728 2489.936 2859.479 
Level-2_1440x1080_06670.jpg 6621.939 2499.054 2923.442 
Level-2_1440x1080_06680.jpg 11295.485 4012.441 4360.752 
Level-2_1440x1080_06699.jpg 10158.532 3885.91 4221.995 
Level-2_1440x1080_06703.jpg 10238.95 3748.907 4177.538 
Level-2_1440x1080_06706.jpg 11621.153 3864.263 4534.284 
Level-2_1440x1080_06713.jpg 10035.385 3903.887 4358.309 
Level-2_1440x1080_06714.jpg 10542.438 3886.583 4233.302 
Level-2_1440x1080_06746.jpg 9709.849 3774.848 4164.742 
Level-2_1440x1080_06768.jpg 10405.021 3935.0 4262.74 
Level-2_1440x1080_06772.jpg 9878.188 3823.532 4113.556 
Level-2_1440x1080_06773.jpg 9684.213 3948.981 4000.56 
Level-2_1440x1080_06781.jpg 9412.834 4103.132 3952.875 
Level-2_1440x1080_06784.jpg 10012.327 3916.505 3947.696 
Level-2_1440x1080_06792.jpg 12325.088 3641.819 4042.497 
Level-2_1440x1080_06793.jpg 10106.893 3955.393 4204.248 
Level-2_1440x1080_06796.jpg 9419.768 3835.736 4183.16 
Level-2_1440x1080_06803.jpg 12841.484 3799.657 4021.119 
Level-2_1440x1080_06823.jpg 9735.288 3945.951 4232.445 
Level-2_1440x1080_06825.jpg 10412.551 4165.712 4032.642 
Level-2_1440x1080_06826.jpg 9533.976 3787.697 4078.771 
Level-2_1440x1080_06827.jpg 11366.59 3819.487 4104.544 
Level-2_1440x1080_06835.jpg 10866.887 3870.119 4190.3 
Level-2_1440x1080_06838.jpg 9830.592 4029.101 4185.711 
Level-2_1440x1080_06842.jpg 10420.099 3963.94 4237.601 
Level-2_1440x1080_06853.jpg 9461.121 3766.883 4570.664 
Level-2_1440x1080_06861.jpg 10308.136 3742.731 4473.143 
Level-2_1440x1080_06887.jpg 12382.646 3553.468 3852.887 
Level-2_1440x1080_06894.jpg 27994.275 3725.129 4215.905 
Level-2_1440x1080_06895.jpg 21089.361 3765.872 4535.197 
Level-2_1440x1080_06897.jpg 11815.95 3920.587 4168.528 
Level-2_1440x1080_06904.jpg 9793.591 3959.808 4262.298 
Level-2_1440x1080_06989.jpg 10722.311 3882.013 4140.166 
Level-2_1440x1080_07006.jpg 14463.952 4001.155 4629.113 
Level-2_1440x1080_07008.jpg 10706.093 3959.865 4493.764 
Level-2_1440x1080_07053.jpg 11487.732 3939.149 4085.653 
Level-2_1440x1080_07054.jpg 10368.047 3809.581 4345.794 
Level-2_1440x1080_07063.jpg 9805.078 3868.554 4237.295 
Level-2_1440x1080_07067.jpg 10504.611 3922.038 4109.021 
Level-2_1440x1080_07074.jpg 9197.955 4072.749 4241.309 
Level-2_1440x1080_07083.jpg 10297.714 3984.071 4243.599 
Level-2_1440x1080_07091.jpg 9530.948 3956.636 4373.133 
Level-2_1440x1080_07109.jpg 13390.661 3846.491 4009.109 
Level-2_1440x1080_07110.jpg 10883.232 3993.174 4097.431 
Level-2_1440x1080_07116.jpg 10023.961 3712.706 4201.683 
Level-2_1440x1080_07118.jpg 10026.775 3934.859 4169.396 
Level-2_1440x1080_07121.jpg 11343.246 3743.502 3946.883 
Level-2_1440x1080_07128.jpg 10630.586 3824.685 4145.675 
Level-2_1440x1080_07175.jpg 10771.316 4073.741 4366.968 
Level-2_1280x720_00023.jpg 4455.603 1459.772 1881.773 
Level-2_1280x720_00026.jpg 4035.554 1508.861 1901.697 
Level-2_1280x720_00080.jpg 4182.718 1523.555 1928.94 
Level-2_1280x720_00248.jpg 4843.377 1522.545 1768.223 
Level-2_1280x720_00309.jpg 4034.319 1487.81 1921.167 
Level-2_1280x720_00477.jpg 4108.418 1750.962 1771.825 
Level-2_1280x720_00636.jpg 3549.023 1567.756 1871.009 
Level-2_1280x720_00640.jpg 3890.362 1544.249 2016.698 
Level-2_1280x720_00667.jpg 4289.895 1521.529 1888.069 
Level-2_1280x720_00732.jpg 3531.232 1522.955 1916.214 
Level-2_1280x720_00953.jpg 4198.526 1519.323 2029.568 
Level-2_1280x720_00971.jpg 4233.219 1525.082 1932.456 
Level-2_1280x720_01084.jpg 4232.89 1641.987 1796.161 
Level-2_1280x720_01226.jpg 5682.895 1457.051 1857.769 
Level-2_1280x720_01244.jpg 5629.185 1556.798 1825.296 
Level-2_1280x720_01443.jpg 5358.625 2358.665 3030.012 
Level-2_1280x720_01460.jpg 6240.186 2401.924 2993.693 
Level-2_1280x720_01508.jpg 7202.722 2461.136 2857.301 
Level-2_1280x720_01510.jpg 7700.109 2393.218 2876.744 
Level-2_1280x720_01592.jpg 7299.698 2281.185 3124.097 
Level-2_1280x720_01664.jpg 6378.071 2612.687 2706.489 
Level-2_1280x720_01683.jpg 7511.169 2317.245 3090.756 
Level-2_1280x720_01839.jpg 6327.835 2286.474 2782.769 
Level-2_1280x720_01840.jpg 6264.897 2243.409 3004.998 
Level-2_1280x720_01841.jpg 6386.56 2315.744 2700.417 
Level-2_1280x720_01851.jpg 6329.248 2350.949 2785.409 
Level-2_1280x720_01859.jpg 6416.127 2242.577 2907.711 
Level-2_1280x720_01981.jpg 6045.256 2288.635 2816.163 
Level-2_1280x720_02091.jpg 5462.013 2415.797 2852.184 
Level-2_1280x720_02190.jpg 5311.879 2205.714 2799.295 
Level-2_1280x720_02283.jpg 7200.963 2457.269 2747.2 
Level-2_1280x720_02351.jpg 7247.753 2298.609 2691.964 
Level-2_1280x720_02446.jpg 6494.981 2439.244 2927.083 
Level-2_1280x720_02458.jpg 7020.293 1762.319 3188.922 
Level-2_1280x720_02641.jpg 6334.025 2424.223 2884.729 
Level-2_1280x720_02667.jpg 6924.575 2422.219 2776.31 
Level-2_1280x720_02691.jpg 6237.268 2235.633 2804.765 
Level-2_1280x720_02926.jpg 6285.171 2372.613 2712.299 
Level-2_1280x720_02930.jpg 7009.876 2312.995 2815.309 
Level-2_1280x720_02934.jpg 6933.953 2435.565 3004.489 
Level-2_1280x720_02942.jpg 7172.08 2315.83 3052.858 
Level-2_1280x720_02954.jpg 6932.032 2257.98 3040.702 
Level-2_1280x720_02956.jpg 10268.673 2453.953 2834.333 
Level-2_1280x720_02958.jpg 6328.631 2300.275 2866.737 
Level-2_1280x720_02965.jpg 6082.365 2301.816 2844.789 
Level-2_1280x720_03010.jpg 7764.13 2346.009 2800.399 
Level-2_1280x720_03021.jpg 7345.492 2409.573 2160.193 
Level-2_1280x720_03093.jpg 4053.18 1564.882 1867.799 
Level-2_1280x720_03103.jpg 4403.285 1551.274 1818.191 
Level-2_1280x720_03104.jpg 3830.701 1604.424 2006.287 
Level-2_1280x720_03117.jpg 4603.645 1552.425 1717.599 
Level-2_1280x720_03119.jpg 3434.082 1478.933 1708.995 
Level-2_1280x720_03120.jpg 4419.711 1613.381 1748.134 
Level-2_1280x720_03206.jpg 3838.214 1471.223 1819.686 
Level-2_1280x720_03229.jpg 5792.074 1632.023 1853.285 
Level-2_1280x720_03235.jpg 4143.321 1496.21 1802.807 
Level-2_1280x720_03237.jpg 4323.506 1482.147 1671.571 
Level-2_1280x720_03271.jpg 3785.936 1532.762 1767.751 
Level-2_1280x720_03288.jpg 3857.346 1445.164 1689.951 
Level-2_1280x720_03326.jpg 4902.89 1485.811 1794.324 
Level-2_1280x720_03345.jpg 4142.692 1514.085 1718.6 
Level-2_1280x720_03360.jpg 4260.86 1574.512 1704.091 
Level-2_1280x720_03467.jpg 4238.437 1454.42 1861.075 
Level-2_1280x720_06430.jpg 3902.757 1552.548 1695.977 
Level-2_1280x720_06432.jpg 3539.138 1525.891 1795.333 
Level-2_1280x720_06435.jpg 4316.241 1588.371 1848.689 
Level-2_1280x720_06436.jpg 4124.093 1589.541 1793.976 
Level-2_1280x720_06441.jpg 3820.965 1543.952 1753.001 
Level-2_1280x720_06442.jpg 5162.362 1439.788 1688.963 
Level-2_1280x720_06460.jpg 4141.122 1522.721 1749.08 
Level-2_1280x720_06463.jpg 3935.522 1539.018 1833.912 
Level-2_1280x720_06471.jpg 3937.014 1547.113 1790.579 
Level-2_1280x720_06505.jpg 3792.02 1696.678 1835.03 
Level-2_1280x720_06507.jpg 4272.364 1504.59 1888.32 
Level-2_1280x720_06535.jpg 4346.521 1475.077 1844.411 
Level-2_1280x720_06942.jpg 3898.869 1517.742 1846.656 
Level-2_1280x720_06943.jpg 4146.893 1493.055 1868.505 
Level-2_1280x720_06946.jpg 4194.744 1546.278 1912.426 
Level-2_1280x720_06971.jpg 4397.55 1510.349 1820.678 
Level-2_1280x720_06981.jpg 3833.478 1477.611 1895.681 
Level-2_960x720_06229.jpg 2859.674 1176.074 1249.425 
Level-2_960x720_06248.jpg 2482.014 1123.804 1307.788 
Level-2_960x720_06250.jpg 2599.421 1171.026 1277.474 
Level-2_960x720_06252.jpg 2656.92 1160.423 1223.96 
Level-2_960x720_06270.jpg 4699.35 1087.044 1218.768 
Level-2_960x720_06273.jpg 2850.648 1067.887 1181.243 
Level-2_960x720_06280.jpg 3082.826 1190.669 1349.957 
Level-2_960x720_06284.jpg 3096.936 1191.698 1238.188 
Level-2_960x720_06286.jpg 2534.062 1111.894 1186.889 
Level-2_960x720_06326.jpg 2673.369 1179.198 1267.813 
Level-2_960x720_06333.jpg 2815.902 1225.719 1201.286 
Level-2_960x720_06338.jpg 2903.147 1151.485 1312.575 
Level-2_960x720_06358.jpg 2837.221 1092.483 1237.878 
Level-2_960x720_06362.jpg 2913.741 1151.832 1352.677 
Level-2_960x720_06430.jpg 2778.069 1096.592 1296.318 
Level-2_960x720_06431.jpg 3363.778 1114.745 1250.141 
Level-2_960x720_06432.jpg 2422.013 1101.727 1275.09 
Level-2_960x720_06433.jpg 2848.348 1114.119 1261.665 
Level-2_960x720_06441.jpg 2939.881 1230.581 1300.422 
Level-2_960x720_06446.jpg 3072.693 1186.974 1356.741 
Level-2_960x720_06463.jpg 2733.946 1142.352 1239.993 
Level-2_960x720_06468.jpg 2749.407 1207.189 1415.407 
Level-2_960x720_06505.jpg 2729.259 1188.837 1290.286 
Level-2_960x720_06522.jpg 2935.406 1195.672 1242.65 
Level-2_960x720_06523.jpg 2640.624 1203.788 1241.432 
Level-2_960x720_06535.jpg 2779.99 1184.691 1329.909 
Level-2_960x720_06537.jpg 2711.83 1200.897 1276.875 
Level-2_960x720_06565.jpg 3244.263 1208.524 1226.252 
Level-2_960x720_06569.jpg 2805.036 1137.962 1235.152 
Level-2_960x720_06577.jpg 3094.873 1161.636 1256.256 
Level-2_960x720_06580.jpg 2996.206 1174.949 1219.946 
Level-2_960x720_06583.jpg 2654.889 1132.548 1146.77 
Level-2_960x720_06670.jpg 2799.483 1176.606 1186.711 
Level-2_960x720_06680.jpg 2759.973 1199.935 1295.147 
Level-2_960x720_06699.jpg 2730.423 1157.667 1303.035 
Level-2_960x720_06703.jpg 2661.318 1160.283 1265.055 
Level-2_960x720_06706.jpg 3128.895 1103.991 1236.421 
Level-2_960x720_06713.jpg 2635.154 1165.112 1194.39 
Level-2_960x720_06714.jpg 2830.466 1202.112 1226.389 
Level-2_960x720_06746.jpg 2734.701 1175.51 1230.533 
Level-2_960x720_06768.jpg 2787.329 1243.608 1213.665 
Level-2_960x720_06772.jpg 2839.928 1190.643 1343.776 
Level-2_960x720_06773.jpg 2594.283 1137.611 1279.69 
Level-2_960x720_06781.jpg 2732.926 1205.639 1216.725 
Level-2_960x720_06784.jpg 2879.099 1174.078 1225.097 
Level-2_960x720_06792.jpg 3350.653 1149.412 1197.984 
Level-2_960x720_06793.jpg 2864.761 1100.911 1374.084 
Level-2_960x720_06796.jpg 2705.964 1225.7 1312.103 
Level-2_960x720_06803.jpg 3274.894 1096.698 1298.208 
Level-2_960x720_06823.jpg 2546.152 1170.426 1277.948 
Level-2_960x720_06825.jpg 2853.419 1230.242 1262.816 
Level-2_960x720_06826.jpg 2823.376 1102.01 1251.708 
Level-2_960x720_06827.jpg 2887.816 1138.23 1272.735 
Level-2_960x720_06835.jpg 3035.111 1171.153 1342.449 
Level-2_960x720_06838.jpg 2946.847 1192.439 1269.746 
Level-2_960x720_06842.jpg 2955.675 1143.321 1329.225 
Level-2_960x720_06853.jpg 2647.837 1200.155 1210.41 
Level-2_960x720_06861.jpg 3197.28 1201.175 1342.616 
Level-2_960x720_06887.jpg 3670.376 1017.544 1130.338 
Level-2_960x720_06894.jpg 6946.221 1098.459 1204.681 
Level-2_960x720_06895.jpg 5067.684 1124.712 1260.26 
Level-2_960x720_06897.jpg 3442.988 1125.808 1222.619 
Level-2_960x720_06904.jpg 2557.238 1145.706 1357.156 
Level-2_960x720_06989.jpg 3067.798 1184.205 1238.785 
Level-2_960x720_07006.jpg 3655.454 1160.248 1265.961 
Level-2_960x720_07008.jpg 2882.863 1107.472 1240.187 
Level-2_960x720_07053.jpg 2860.61 1104.387 1307.829 
Level-2_960x720_07054.jpg 2904.968 1249.174 1281.353 
Level-2_960x720_07063.jpg 2716.788 1178.638 1337.321 
Level-2_960x720_07067.jpg 2908.916 1188.739 1351.563 
Level-2_960x720_07074.jpg 2651.602 1208.494 1300.956 
Level-2_960x720_07083.jpg 2815.077 1150.063 1312.744 
Level-2_960x720_07091.jpg 2724.317 1153.277 1293.676 
Level-2_960x720_07109.jpg 3208.142 1125.465 1362.567 
Level-2_960x720_07110.jpg 2956.672 1156.511 1313.307 
Level-2_960x720_07116.jpg 2906.085 1152.01 1366.014 
Level-2_960x720_07118.jpg 3161.842 1143.199 1325.173 
Level-2_960x720_07121.jpg 3479.233 1188.43 1364.44 
Level-2_960x720_07128.jpg 2898.27 1211.172 1251.459 
Level-2_960x720_07175.jpg 2902.256 1150.507 1458.814 
Level-2_853x480_00023.jpg 1710.373 613.845 699.804 
Level-2_853x480_00026.jpg 1647.545 678.09 655.849 
Level-2_853x480_00080.jpg 1660.333 574.596 695.945 
Level-2_853x480_00248.jpg 1767.498 561.357 783.278 
Level-2_853x480_00309.jpg 1536.359 587.264 720.535 
Level-2_853x480_00477.jpg 1639.793 566.244 746.953 
Level-2_853x480_00636.jpg 1282.111 591.58 727.548 
Level-2_853x480_00640.jpg 1619.946 591.638 770.873 
Level-2_853x480_00667.jpg 1659.018 560.476 787.261 
Level-2_853x480_00732.jpg 1396.575 659.525 739.603 
Level-2_853x480_00953.jpg 1660.459 615.287 753.427 
Level-2_853x480_00971.jpg 1752.208 642.207 707.867 
Level-2_853x480_01084.jpg 1728.018 631.042 764.779 
Level-2_853x480_01226.jpg 1826.77 609.156 763.685 
Level-2_853x480_01244.jpg 1981.473 622.325 668.545 
Level-2_853x480_01443.jpg 1860.63 693.426 742.238 
Level-2_853x480_01460.jpg 1679.886 618.626 746.724 
Level-2_853x480_01508.jpg 1722.55 618.133 755.747 
Level-2_853x480_01510.jpg 2027.783 630.58 785.305 
Level-2_853x480_01592.jpg 1672.334 657.268 729.86 
Level-2_853x480_01664.jpg 1761.605 659.533 731.945 
Level-2_853x480_01683.jpg 1582.268 655.456 828.374 
Level-2_853x480_01839.jpg 1612.474 647.047 732.954 
Level-2_853x480_01840.jpg 1837.121 580.489 755.44 
Level-2_853x480_01841.jpg 1771.464 567.472 757.753 
Level-2_853x480_01851.jpg 1781.883 608.46 761.034 
Level-2_853x480_01859.jpg 1860.021 600.718 684.718 
Level-2_853x480_01981.jpg 1644.008 594.978 777.475 
Level-2_853x480_02091.jpg 1349.485 685.211 763.174 
Level-2_853x480_02190.jpg 1566.777 551.192 688.268 
Level-2_853x480_02283.jpg 1983.97 641.926 646.065 
Level-2_853x480_02351.jpg 1726.81 665.761 665.513 
Level-2_853x480_02446.jpg 1821.044 643.141 766.34 
Level-2_853x480_02458.jpg 1750.359 661.293 721.279 
Level-2_853x480_02641.jpg 1908.178 594.801 655.755 
Level-2_853x480_02667.jpg 1895.855 603.901 701.047 
Level-2_853x480_02691.jpg 1614.19 638.206 695.968 
Level-2_853x480_02926.jpg 1621.758 633.734 703.435 
Level-2_853x480_02930.jpg 1750.854 630.952 693.528 
Level-2_853x480_02934.jpg 1944.479 593.236 735.289 
Level-2_853x480_02942.jpg 1836.596 554.404 734.498 
Level-2_853x480_02954.jpg 1942.261 656.819 683.134 
Level-2_853x480_02956.jpg 2675.186 663.465 737.201 
Level-2_853x480_02958.jpg 1704.512 605.058 713.249 
Level-2_853x480_02965.jpg 1735.787 617.363 764.93 
Level-2_853x480_03010.jpg 1756.319 632.803 696.797 
Level-2_853x480_03021.jpg 1900.737 693.023 744.652 
Level-2_853x480_03093.jpg 1731.625 669.837 721.284 
Level-2_853x480_03103.jpg 1739.801 661.173 707.616 
Level-2_853x480_03104.jpg 1552.7 578.609 793.218 
Level-2_853x480_03117.jpg 1887.974 644.513 788.47 
Level-2_853x480_03119.jpg 1527.178 757.19 794.01 
Level-2_853x480_03120.jpg 1851.511 655.581 771.078 
Level-2_853x480_03206.jpg 1586.547 698.564 757.975 
Level-2_853x480_03229.jpg 1833.536 654.839 722.703 
Level-2_853x480_03235.jpg 1681.346 640.069 757.867 
Level-2_853x480_03237.jpg 1689.673 626.65 718.325 
Level-2_853x480_03271.jpg 1512.704 685.95 815.167 
Level-2_853x480_03288.jpg 1681.709 625.534 792.579 
Level-2_853x480_03326.jpg 1932.323 544.938 786.577 
Level-2_853x480_03345.jpg 1925.325 613.981 814.639 
Level-2_853x480_03360.jpg 1796.196 665.944 844.434 
Level-2_853x480_03467.jpg 1683.79 647.1 733.505 
Level-2_853x480_06430.jpg 1692.414 658.886 768.209 
Level-2_853x480_06432.jpg 1444.627 646.114 766.092 
Level-2_853x480_06435.jpg 1877.547 690.626 787.158 
Level-2_853x480_06436.jpg 1758.05 689.381 815.017 
Level-2_853x480_06441.jpg 1932.269 694.187 795.163 
Level-2_853x480_06442.jpg 2226.068 660.128 859.821 
Level-2_853x480_06460.jpg 1795.922 652.073 877.571 
Level-2_853x480_06463.jpg 1702.469 668.202 734.76 
Level-2_853x480_06471.jpg 1705.803 672.001 785.683 
Level-2_853x480_06505.jpg 1656.095 633.928 818.137 
Level-2_853x480_06507.jpg 1810.781 683.01 787.547 
Level-2_853x480_06535.jpg 1884.196 641.034 752.27 
Level-2_853x480_06942.jpg 1547.396 604.238 814.849 
Level-2_853x480_06943.jpg 1686.721 656.848 733.155 
Level-2_853x480_06946.jpg 1786.404 660.718 875.819 
Level-2_853x480_06971.jpg 1764.887 672.75 786.846 
Level-2_853x480_06981.jpg 1514.109 676.257 762.914 
Level-2_640x480_06229.jpg 1254.13 466.772 504.402 
Level-2_640x480_06248.jpg 1112.122 500.265 486.274 
Level-2_640x480_06250.jpg 1072.733 443.332 493.144 
Level-2_640x480_06252.jpg 1080.122 435.913 481.506 
Level-2_640x480_06270.jpg 1840.505 497.13 548.266 
Level-2_640x480_06273.jpg 1149.171 460.872 490.371 
Level-2_640x480_06280.jpg 1288.961 479.415 463.621 
Level-2_640x480_06284.jpg 1188.498 488.438 495.019 
Level-2_640x480_06286.jpg 1148.206 447.039 532.399 
Level-2_640x480_06326.jpg 1048.776 465.447 501.848 
Level-2_640x480_06333.jpg 1178.058 462.597 536.906 
Level-2_640x480_06338.jpg 1200.107 510.031 548.584 
Level-2_640x480_06358.jpg 1203.537 472.475 485.285 
Level-2_640x480_06362.jpg 1124.678 520.889 457.14 
Level-2_640x480_06430.jpg 1163.178 505.842 537.235 
Level-2_640x480_06431.jpg 1287.924 461.226 533.976 
Level-2_640x480_06432.jpg 1086.453 499.67 505.937 
Level-2_640x480_06433.jpg 1162.879 513.245 530.218 
Level-2_640x480_06441.jpg 1183.803 489.142 557.937 
Level-2_640x480_06446.jpg 1273.861 432.202 529.448 
Level-2_640x480_06463.jpg 1136.894 437.708 500.802 
Level-2_640x480_06468.jpg 1154.724 494.911 495.531 
Level-2_640x480_06505.jpg 1101.276 463.688 464.22 
Level-2_640x480_06522.jpg 1143.318 530.981 481.428 
Level-2_640x480_06523.jpg 1045.102 454.185 523.523 
Level-2_640x480_06535.jpg 1147.162 516.158 489.921 
Level-2_640x480_06537.jpg 1038.059 493.863 501.699 
Level-2_640x480_06565.jpg 1272.322 468.463 499.158 
Level-2_640x480_06569.jpg 1129.991 523.627 539.503 
Level-2_640x480_06577.jpg 1161.283 499.706 468.379 
Level-2_640x480_06580.jpg 1165.072 549.446 483.051 
Level-2_640x480_06583.jpg 1019.231 515.8 544.943 
Level-2_640x480_06670.jpg 1136.914 537.147 500.522 
Level-2_640x480_06680.jpg 960.965 441.906 585.205 
Level-2_640x480_06699.jpg 1134.56 456.176 464.512 
Level-2_640x480_06703.jpg 1150.74 499.166 509.905 
Level-2_640x480_06706.jpg 1256.091 547.711 522.37 
Level-2_640x480_06713.jpg 1090.747 467.684 514.909 
Level-2_640x480_06714.jpg 1167.376 571.51 487.989 
Level-2_640x480_06746.jpg 1251.061 495.06 498.619 
Level-2_640x480_06768.jpg 1078.301 453.396 506.203 
Level-2_640x480_06772.jpg 1114.151 545.071 486.189 
Level-2_640x480_06773.jpg 1056.378 480.159 465.659 
Level-2_640x480_06781.jpg 1174.379 504.766 560.919 
Level-2_640x480_06784.jpg 1188.84 451.104 487.856 
Level-2_640x480_06792.jpg 1395.297 500.289 492.975 
Level-2_640x480_06793.jpg 1223.431 519.013 472.701 
Level-2_640x480_06796.jpg 1130.58 495.986 498.424 
Level-2_640x480_06803.jpg 1285.861 442.147 497.101 
Level-2_640x480_06823.jpg 1039.912 447.877 472.815 
Level-2_640x480_06825.jpg 1039.646 479.524 540.084 
Level-2_640x480_06826.jpg 1122.801 497.948 513.88 
Level-2_640x480_06827.jpg 1137.079 546.452 523.164 
Level-2_640x480_06835.jpg 1166.887 478.138 500.818 
Level-2_640x480_06838.jpg 1298.712 535.219 517.347 
Level-2_640x480_06842.jpg 1166.618 460.173 487.993 
Level-2_640x480_06853.jpg 969.899 532.73 477.442 
Level-2_640x480_06861.jpg 1181.387 438.442 590.73 
Level-2_640x480_06887.jpg 1445.596 417.944 473.118 
Level-2_640x480_06894.jpg 2780.192 480.716 477.558 
Level-2_640x480_06895.jpg 1655.383 518.986 491.388 
Level-2_640x480_06897.jpg 1305.92 519.008 482.503 
Level-2_640x480_06904.jpg 929.589 528.691 541.229 
Level-2_640x480_06989.jpg 1078.675 466.997 494.234 
Level-2_640x480_07006.jpg 1321.956 491.738 499.302 
Level-2_640x480_07008.jpg 1238.154 481.517 545.492 
Level-2_640x480_07053.jpg 1087.792 432.084 519.334 
Level-2_640x480_07054.jpg 1079.864 522.581 536.353 
Level-2_640x480_07063.jpg 1061.369 447.78 531.552 
Level-2_640x480_07067.jpg 1234.715 512.157 453.248 
Level-2_640x480_07074.jpg 1111.834 509.616 472.96 
Level-2_640x480_07083.jpg 1033.927 455.749 498.209 
Level-2_640x480_07091.jpg 1032.037 460.391 475.237 
Level-2_640x480_07109.jpg 1204.756 565.114 489.681 
Level-2_640x480_07110.jpg 1170.63 473.885 524.926 
Level-2_640x480_07116.jpg 1199.478 507.93 495.499 
Level-2_640x480_07118.jpg 1375.013 525.569 535.798 
Level-2_640x480_07121.jpg 1408.511 468.797 509.809 
Level-2_640x480_07128.jpg 1072.827 560.736 557.89 
Level-2_640x480_07175.jpg 1195.979 497.504 465.888 
Level-2_640x360_00023.jpg 962.524 313.535 359.672 
Level-2_640x360_00026.jpg 892.795 381.741 366.449 
Level-2_640x360_00080.jpg 988.798 401.571 394.2 
Level-2_640x360_00248.jpg 936.719 355.116 355.84 
Level-2_640x360_00309.jpg 892.365 385.299 335.066 
Level-2_640x360_00477.jpg 993.925 380.046 369.116 
Level-2_640x360_00636.jpg 707.794 392.081 402.099 
Level-2_640x360_00640.jpg 900.462 407.45 369.011 
Level-2_640x360_00667.jpg 912.24 370.88 375.888 
Level-2_640x360_00732.jpg 642.617 391.509 346.632 
Level-2_640x360_00953.jpg 891.782 357.904 365.324 
Level-2_640x360_00971.jpg 986.774 345.794 357.42 
Level-2_640x360_01084.jpg 905.845 365.884 358.044 
Level-2_640x360_01226.jpg 1073.63 337.353 347.773 
Level-2_640x360_01244.jpg 947.753 365.367 379.815 
Level-2_640x360_01443.jpg 1127.577 365.369 364.74 
Level-2_640x360_01460.jpg 941.132 356.905 360.925 
Level-2_640x360_01508.jpg 1008.293 399.007 380.99 
Level-2_640x360_01510.jpg 1120.921 379.59 354.533 
Level-2_640x360_01592.jpg 916.756 417.902 425.25 
Level-2_640x360_01664.jpg 1051.068 355.19 328.429 
Level-2_640x360_01683.jpg 937.012 362.146 370.518 
Level-2_640x360_01839.jpg 997.174 327.614 362.183 
Level-2_640x360_01840.jpg 1000.293 413.45 395.383 
Level-2_640x360_01841.jpg 930.784 357.04 394.004 
Level-2_640x360_01851.jpg 1005.574 335.212 327.107 
Level-2_640x360_01859.jpg 968.703 405.092 353.384 
Level-2_640x360_01981.jpg 768.344 336.029 372.622 
Level-2_640x360_02091.jpg 754.919 346.603 377.049 
Level-2_640x360_02190.jpg 724.674 388.558 353.881 
Level-2_640x360_02283.jpg 1107.08 384.664 348.897 
Level-2_640x360_02351.jpg 870.216 392.265 368.732 
Level-2_640x360_02446.jpg 1003.265 323.665 365.892 
Level-2_640x360_02458.jpg 898.362 370.36 382.975 
Level-2_640x360_02641.jpg 971.899 376.783 399.756 
Level-2_640x360_02667.jpg 994.171 362.143 376.167 
Level-2_640x360_02691.jpg 890.768 340.274 363.106 
Level-2_640x360_02926.jpg 858.54 383.667 348.062 
Level-2_640x360_02930.jpg 904.031 393.373 389.112 
Level-2_640x360_02934.jpg 935.364 349.18 345.13 
Level-2_640x360_02942.jpg 1015.464 341.479 382.855 
Level-2_640x360_02954.jpg 968.569 374.296 349.524 
Level-2_640x360_02956.jpg 1190.948 379.945 352.986 
Level-2_640x360_02958.jpg 909.462 346.483 324.158 
Level-2_640x360_02965.jpg 886.838 368.079 400.118 
Level-2_640x360_03010.jpg 946.225 342.231 349.494 
Level-2_640x360_03021.jpg 897.35 378.155 371.254 
Level-2_640x360_03093.jpg 763.328 383.957 387.584 
Level-2_640x360_03103.jpg 965.311 348.816 378.134 
Level-2_640x360_03104.jpg 859.605 337.503 383.399 
Level-2_640x360_03117.jpg 1001.526 382.25 386.097 
Level-2_640x360_03119.jpg 714.749 337.192 368.603 
Level-2_640x360_03120.jpg 964.215 359.046 360.179 
Level-2_640x360_03206.jpg 893.734 381.098 421.184 
Level-2_640x360_03229.jpg 879.284 384.082 403.927 
Level-2_640x360_03235.jpg 885.384 362.266 368.809 
Level-2_640x360_03237.jpg 871.644 351.846 353.397 
Level-2_640x360_03271.jpg 812.04 389.777 388.85 
Level-2_640x360_03288.jpg 844.037 381.652 398.522 
Level-2_640x360_03326.jpg 1007.723 430.578 359.314 
Level-2_640x360_03345.jpg 998.619 345.789 362.674 
Level-2_640x360_03360.jpg 882.538 376.212 363.231 
Level-2_640x360_03467.jpg 874.449 342.944 350.447 
Level-2_640x360_06430.jpg 865.359 418.436 340.044 
Level-2_640x360_06432.jpg 833.954 373.668 370.093 
Level-2_640x360_06435.jpg 996.628 389.957 361.188 
Level-2_640x360_06436.jpg 920.26 425.165 349.901 
Level-2_640x360_06441.jpg 883.226 337.183 366.039 
Level-2_640x360_06442.jpg 1188.884 339.383 404.6 
Level-2_640x360_06460.jpg 946.538 339.59 361.357 
Level-2_640x360_06463.jpg 865.123 370.913 367.18 
Level-2_640x360_06471.jpg 948.733 398.411 351.292 
Level-2_640x360_06505.jpg 850.395 328.234 362.201 
Level-2_640x360_06507.jpg 936.833 386.303 367.063 
Level-2_640x360_06535.jpg 850.086 382.317 354.789 
Level-2_640x360_06942.jpg 774.71 390.244 350.532 
Level-2_640x360_06943.jpg 825.581 366.863 405.053 
Level-2_640x360_06946.jpg 877.897 322.423 358.869 
Level-2_640x360_06971.jpg 969.018 376.625 373.536 
Level-2_640x360_06981.jpg 780.156 317.499 353.549 
Level-2_480x360_06229.jpg 1358.151 451.682 572.255 
Level-2_480x360_06248.jpg 641.219 270.233 367.51 
Level-2_480x360_06250.jpg 556.651 246.728 304.381 
Level-2_480x360_06252.jpg 597.055 284.473 313.483 
Level-2_480x360_06270.jpg 881.029 260.215 273.359 
Level-2_480x360_06273.jpg 821.671 222.037 277.042 
Level-2_480x360_06280.jpg 785.341 305.227 297.688 
Level-2_480x360_06284.jpg 639.835 258.513 296.846 
Level-2_480x360_06286.jpg 594.189 315.114 301.267 
Level-2_480x360_06326.jpg 617.061 248.157 287.225 
Level-2_480x360_06333.jpg 691.967 255.589 271.26 
Level-2_480x360_06338.jpg 669.713 258.074 307.272 
Level-2_480x360_06358.jpg 667.776 300.778 299.654 
Level-2_480x360_06362.jpg 691.1 234.573 292.39 
Level-2_480x360_06430.jpg 657.636 315.263 297.065 
Level-2_480x360_06431.jpg 688.21 271.874 317.045 
Level-2_480x360_06432.jpg 574.867 328.906 321.558 
Level-2_480x360_06433.jpg 696.868 260.661 349.329 
Level-2_480x360_06441.jpg 624.938 302.554 291.823 
Level-2_480x360_06446.jpg 679.01 317.691 285.88 
Level-2_480x360_06463.jpg 638.685 323.225 325.414 
Level-2_480x360_06468.jpg 693.079 267.543 263.344 
Level-2_480x360_06505.jpg 623.808 252.801 292.224 
Level-2_480x360_06522.jpg 657.535 325.788 283.388 
Level-2_480x360_06523.jpg 558.644 269.056 301.043 
Level-2_480x360_06535.jpg 597.144 267.516 281.053 
Level-2_480x360_06537.jpg 606.032 263.189 285.78 
Level-2_480x360_06565.jpg 779.527 264.638 292.672 
Level-2_480x360_06569.jpg 707.592 264.154 345.911 
Level-2_480x360_06577.jpg 662.683 266.892 287.393 
Level-2_480x360_06580.jpg 709.877 266.039 288.093 
Level-2_480x360_06583.jpg 588.316 287.015 336.434 
Level-2_480x360_06670.jpg 637.829 304.918 299.485 
Level-2_480x360_06680.jpg 588.703 250.134 316.26 
Level-2_480x360_06699.jpg 641.463 293.706 312.313 
Level-2_480x360_06703.jpg 649.689 264.012 317.728 
Level-2_480x360_06706.jpg 692.701 297.399 272.634 
Level-2_480x360_06713.jpg 615.308 278.461 302.263 
Level-2_480x360_06714.jpg 746.28 279.505 292.907 
Level-2_480x360_06746.jpg 662.556 297.587 316.395 
Level-2_480x360_06768.jpg 578.763 252.718 327.736 
Level-2_480x360_06772.jpg 603.955 260.217 282.965 
Level-2_480x360_06773.jpg 610.921 264.213 306.367 
Level-2_480x360_06781.jpg 629.098 289.161 299.452 
Level-2_480x360_06784.jpg 693.279 257.728 282.729 
Level-2_480x360_06792.jpg 726.899 273.542 298.627 
Level-2_480x360_06793.jpg 733.74 249.301 296.448 
Level-2_480x360_06796.jpg 644.058 284.205 309.412 
Level-2_480x360_06803.jpg 734.866 309.939 297.917 
Level-2_480x360_06823.jpg 585.21 279.963 276.742 
Level-2_480x360_06825.jpg 599.817 317.713 290.156 
Level-2_480x360_06826.jpg 665.029 309.457 304.038 
Level-2_480x360_06827.jpg 617.866 286.413 305.548 
Level-2_480x360_06835.jpg 675.124 266.065 287.571 
Level-2_480x360_06838.jpg 730.539 264.034 304.917 
Level-2_480x360_06842.jpg 654.736 290.086 306.214 
Level-2_480x360_06853.jpg 544.331 275.303 326.341 
Level-2_480x360_06861.jpg 729.266 303.739 302.879 
Level-2_480x360_06887.jpg 818.896 216.606 271.865 
Level-2_480x360_06894.jpg 1433.059 283.408 294.476 
Level-2_480x360_06895.jpg 757.267 267.943 297.724 
Level-2_480x360_06897.jpg 760.784 259.428 294.165 
Level-2_480x360_06904.jpg 566.145 256.402 276.858 
Level-2_480x360_06989.jpg 683.661 255.119 336.522 
Level-2_480x360_07006.jpg 783.549 326.517 278.402 
Level-2_480x360_07008.jpg 755.292 260.727 301.973 
Level-2_480x360_07053.jpg 627.493 285.031 314.768 
Level-2_480x360_07054.jpg 681.417 275.578 303.696 
Level-2_480x360_07063.jpg 613.057 307.199 286.907 
Level-2_480x360_07067.jpg 664.841 247.184 282.339 
Level-2_480x360_07074.jpg 620.702 295.605 309.038 
Level-2_480x360_07083.jpg 635.686 279.507 308.101 
Level-2_480x360_07091.jpg 569.865 273.854 345.409 
Level-2_480x360_07109.jpg 658.54 292.758 341.446 
Level-2_480x360_07110.jpg 601.737 258.023 294.488 
Level-2_480x360_07116.jpg 646.332 310.156 303.368 
Level-2_480x360_07118.jpg 692.499 293.297 314.204 
Level-2_480x360_07121.jpg 705.891 280.055 328.153 
Level-2_480x360_07128.jpg 620.863 246.14 275.427 
Level-2_480x360_07175.jpg 664.216 248.847 321.847 
