ObjectPlantFlowerAzalea00111,  0.545 0.818 1.000 1.000 1.000 1.000 1.000 1.000 1.000 1.000 1.000 1.000 1.000 1.000 1.000 1.000 1.000 1.000 1.000 1.000 1.000
ObjectPlantFlowerSunFlower0039,  0.333 0.333 0.333 0.556 0.556 0.667 0.667 0.667 0.667 0.667 0.778 0.778 0.778 0.778 0.778 0.778 0.778 0.778 0.778 0.778 0.778
ObjectPlantFlowerTulipa0044,  1.000 1.000 1.000 1.000 1.000 1.000 1.000 1.000 1.000 1.000 1.000 1.000 1.000 1.000 1.000 1.000 1.000 1.000 1.000 1.000 1.000
ObjectAnimalDog0118,  0.625 0.625 0.625 0.625 0.625 0.625 0.625 0.625 0.625 0.625 0.625 0.625 0.625 0.625 0.625 0.625 0.625 0.625 0.625 0.625 0.625
ObjectVehiclesHelicopter00122,  0.409 0.773 0.909 0.909 0.909 0.909 0.909 0.909 0.909 0.909 0.909 0.909 0.909 0.909 0.909 0.909 0.909 0.909 0.909 0.909 0.909
ObjectAnimalCat01212,  0.083 0.083 0.083 0.083 0.083 0.083 0.083 0.083 0.083 0.083 0.167 0.167 0.167 0.167 0.167 0.250 0.250 0.250 0.250 0.250 0.250
ObjectPlantFlowerAzalea0044,  0.500 0.750 1.000 1.000 1.000 1.000 1.000 1.000 1.000 1.000 1.000 1.000 1.000 1.000 1.000 1.000 1.000 1.000 1.000 1.000 1.000
ObjectPlantFlowerholly00112,  0.083 0.083 0.083 0.083 0.083 0.083 0.083 0.083 0.250 0.250 0.250 0.250 0.250 0.333 0.417 0.417 0.583 0.750 1.000 1.000 1.000
ObjectAnimalDog00843,  0.093 0.186 0.442 0.581 0.674 0.744 0.791 0.791 0.791 0.791 0.814 0.837 0.860 0.860 0.884 0.930 0.977 0.977 0.977 0.977 0.977
ObjectPlantFlowerTulipa0072,  1.000 1.000 1.000 1.000 1.000 1.000 1.000 1.000 1.000 1.000 1.000 1.000 1.000 1.000 1.000 1.000 1.000 1.000 1.000 1.000 1.000
ObjectFoodBeer-Cup0028,  0.250 0.250 0.250 0.375 0.500 0.625 0.625 0.625 0.625 0.625 0.625 0.625 0.625 0.625 0.625 0.625 0.625 0.750 1.000 1.000 1.000
ObjectAnimalCat01410,  0.200 0.300 0.400 0.500 0.600 0.800 0.900 0.900 0.900 0.900 0.900 1.000 1.000 1.000 1.000 1.000 1.000 1.000 1.000 1.000 1.000
ObjectOtherToylego0014,  0.500 1.000 1.000 1.000 1.000 1.000 1.000 1.000 1.000 1.000 1.000 1.000 1.000 1.000 1.000 1.000 1.000 1.000 1.000 1.000 1.000
ObjectAnimalCat0187,  0.286 0.286 0.429 0.429 0.571 0.571 0.571 0.571 0.571 0.571 0.571 0.571 0.571 0.571 0.571 0.571 0.571 0.571 0.571 0.571 0.571
ObjectAnimalDog01530,  0.433 0.433 0.600 0.733 0.867 0.900 0.933 0.967 1.000 1.000 1.000 1.000 1.000 1.000 1.000 1.000 1.000 1.000 1.000 1.000 1.000
ObjectAnimalCat0269,  1.000 1.000 1.000 1.000 1.000 1.000 1.000 1.000 1.000 1.000 1.000 1.000 1.000 1.000 1.000 1.000 1.000 1.000 1.000 1.000 1.000
ObjectAnimalCat02515,  0.133 0.200 0.200 0.200 0.200 0.200 0.200 0.200 0.200 0.200 0.200 0.200 0.200 0.200 0.200 0.200 0.200 0.200 0.200 0.200 0.200
ObjectAnimalCat0153,  0.333 0.333 0.333 0.333 0.333 0.333 0.333 0.333 0.333 0.333 0.333 0.333 0.333 0.333 0.333 0.333 0.333 0.333 0.333 0.333 0.333
ObjectFoodbutter00114,  0.077 0.077 0.077 0.077 0.154 0.308 0.385 0.462 0.538 0.538 0.538 0.615 0.615 0.692 0.769 0.846 0.846 0.846 0.846 0.846 0.846
ObjectPlantFlowerAzalea0026,  0.200 0.200 0.400 0.400 0.600 1.000 1.000 1.000 1.000 1.000 1.000 1.000 1.000 1.000 1.000 1.000 1.000 1.000 1.000 1.000 1.000
ObjectFoodChocolate-chip-cookie0028,  0.375 0.375 0.375 0.500 0.625 0.750 0.750 0.750 0.750 0.750 0.750 0.750 0.750 0.750 0.750 0.750 0.750 0.750 0.750 0.750 0.750
ObjectAnimalDog0064,  0.250 0.250 0.500 0.750 1.000 1.000 1.000 1.000 1.000 1.000 1.000 1.000 1.000 1.000 1.000 1.000 1.000 1.000 1.000 1.000 1.000
ObjectOtherBadShootting3,  0.667 0.667 1.000 1.000 1.000 1.000 1.000 1.000 1.000 1.000 1.000 1.000 1.000 1.000 1.000 1.000 1.000 1.000 1.000 1.000 1.000
ObjectAnimalCat0014,  0.500 0.750 1.000 1.000 1.000 1.000 1.000 1.000 1.000 1.000 1.000 1.000 1.000 1.000 1.000 1.000 1.000 1.000 1.000 1.000 1.000
ObjectVehiclesAnnihilator12,  0.083 0.083 0.250 0.500 0.750 1.000 1.000 1.000 1.000 1.000 1.000 1.000 1.000 1.000 1.000 1.000 1.000 1.000 1.000 1.000 1.000
ObjectPlantFlowerViolet00110,  0.800 0.800 0.900 1.000 1.000 1.000 1.000 1.000 1.000 1.000 1.000 1.000 1.000 1.000 1.000 1.000 1.000 1.000 1.000 1.000 1.000
ObjectPlantFlowerSunFlower0052,  0.500 0.500 0.500 0.500 0.500 0.500 0.500 0.500 0.500 0.500 0.500 0.500 0.500 0.500 0.500 0.500 1.000 1.000 1.000 1.000 1.000
ObjectAnimalCat0037,  0.286 0.286 0.286 0.286 0.286 0.286 0.286 0.286 0.286 0.286 0.286 0.286 0.286 0.286 0.286 0.286 0.286 0.286 0.429 0.714 0.857
ObjectFoodCoffee00218,  0.059 0.118 0.176 0.235 0.353 0.412 0.471 0.471 0.588 0.588 0.588 0.706 0.765 0.824 0.824 0.824 0.824 0.824 0.824 0.824 0.824
ObjectPlantFlowerCarnation0032,  0.500 0.500 1.000 1.000 1.000 1.000 1.000 1.000 1.000 1.000 1.000 1.000 1.000 1.000 1.000 1.000 1.000 1.000 1.000 1.000 1.000
ObjectFoodCheddar-cheese0015,  0.200 0.200 0.200 0.200 0.400 0.400 0.400 0.800 0.800 0.800 1.000 1.000 1.000 1.000 1.000 1.000 1.000 1.000 1.000 1.000 1.000
ObjectFoodCones0016,  0.167 0.167 0.167 0.167 0.167 0.333 0.333 0.333 0.333 0.333 0.333 0.333 0.333 0.500 0.500 0.500 0.500 0.500 0.500 0.500 0.500
ObjectAnimalBison28,  0.071 0.071 0.071 0.214 0.357 0.393 0.393 0.464 0.500 0.500 0.500 0.536 0.607 0.679 0.750 0.821 0.821 0.821 0.821 0.857 0.929
ObjectPlantFlowerAzalea0038,  0.875 1.000 1.000 1.000 1.000 1.000 1.000 1.000 1.000 1.000 1.000 1.000 1.000 1.000 1.000 1.000 1.000 1.000 1.000 1.000 1.000
ObjectFoodBurger0031,  1.000 1.000 1.000 1.000 1.000 1.000 1.000 1.000 1.000 1.000 1.000 1.000 1.000 1.000 1.000 1.000 1.000 1.000 1.000 1.000 1.000
ObjectOtherToylego0023,  0.667 1.000 1.000 1.000 1.000 1.000 1.000 1.000 1.000 1.000 1.000 1.000 1.000 1.000 1.000 1.000 1.000 1.000 1.000 1.000 1.000
ObjectPlantFruitBanana0043,  0.667 0.667 0.667 0.667 0.667 0.667 0.667 0.667 0.667 0.667 0.667 0.667 0.667 0.667 0.667 0.667 0.667 0.667 0.667 0.667 0.667
ObjectFoodBeer-Cup00115,  0.357 0.429 0.643 0.714 0.714 0.714 0.786 0.786 0.786 0.786 0.786 0.786 0.857 0.929 0.929 0.929 0.929 0.929 0.929 0.929 0.929
ObjectPlantFlowerDaisy00614,  0.214 0.357 0.571 0.571 0.643 0.643 0.714 0.786 0.786 0.786 0.786 0.786 0.786 0.786 0.786 0.786 0.786 0.786 0.857 0.857 0.857
ObjectPlantTree00224,  0.125 0.250 0.583 0.708 0.917 0.958 0.958 0.958 0.958 0.958 0.958 0.958 1.000 1.000 1.000 1.000 1.000 1.000 1.000 1.000 1.000
ObjectPlantFlowerTulipa0053,  0.667 1.000 1.000 1.000 1.000 1.000 1.000 1.000 1.000 1.000 1.000 1.000 1.000 1.000 1.000 1.000 1.000 1.000 1.000 1.000 1.000
ObjectAnimalDog01414,  0.286 0.286 0.357 0.571 0.643 0.714 1.000 1.000 1.000 1.000 1.000 1.000 1.000 1.000 1.000 1.000 1.000 1.000 1.000 1.000 1.000
ObjectAnimalCat00213,  0.231 0.769 0.769 0.846 0.846 0.923 0.923 1.000 1.000 1.000 1.000 1.000 1.000 1.000 1.000 1.000 1.000 1.000 1.000 1.000 1.000
ObjectPlantFruitBanana0016,  0.833 0.833 1.000 1.000 1.000 1.000 1.000 1.000 1.000 1.000 1.000 1.000 1.000 1.000 1.000 1.000 1.000 1.000 1.000 1.000 1.000
ObjectFoodChocolate-chip-cookie00112,  0.455 0.545 0.636 0.636 0.636 0.636 0.636 0.727 0.727 0.727 0.727 0.727 0.727 0.727 0.727 0.727 0.727 0.727 0.727 0.727 0.727
ObjectFoodBagel0038,  0.250 0.250 0.250 0.250 0.250 0.250 0.250 0.375 0.375 0.375 0.375 0.500 0.500 0.500 0.625 0.625 0.625 0.625 0.750 0.750 0.750
ObjectPlantFlowerSunFlower0022,  0.500 0.500 0.500 0.500 1.000 1.000 1.000 1.000 1.000 1.000 1.000 1.000 1.000 1.000 1.000 1.000 1.000 1.000 1.000 1.000 1.000
ObjectAnimalCat02211,  1.000 1.000 1.000 1.000 1.000 1.000 1.000 1.000 1.000 1.000 1.000 1.000 1.000 1.000 1.000 1.000 1.000 1.000 1.000 1.000 1.000
ObjectPlantFlowerCarnation0046,  0.667 0.833 0.833 0.833 0.833 0.833 0.833 0.833 0.833 0.833 0.833 0.833 0.833 0.833 0.833 0.833 0.833 0.833 0.833 0.833 0.833
ObjectOtherArtwork00132,  0.438 0.438 0.500 0.750 0.875 1.000 1.000 1.000 1.000 1.000 1.000 1.000 1.000 1.000 1.000 1.000 1.000 1.000 1.000 1.000 1.000
ObjectVehiclesBeetle0052,  0.500 0.500 0.500 0.500 0.500 0.500 0.500 0.500 0.500 0.500 0.500 0.500 0.500 0.500 0.500 0.500 0.500 0.500 0.500 0.500 0.500
ObjectAnimalDog0018,  0.125 0.125 0.125 0.125 0.125 0.125 0.125 0.125 0.125 0.125 0.250 0.250 0.250 0.250 0.250 0.250 0.250 0.250 0.250 0.250 0.375
ObjectVehiclesAmbulance12,  0.083 0.167 0.250 0.250 0.250 0.250 0.250 0.250 0.250 0.250 0.250 0.333 0.417 0.417 0.500 0.583 0.583 0.583 0.667 0.750 0.750
ObjectFoodCandy0018,  0.375 0.500 0.750 1.000 1.000 1.000 1.000 1.000 1.000 1.000 1.000 1.000 1.000 1.000 1.000 1.000 1.000 1.000 1.000 1.000 1.000
ObjectAnimalDogHuman00114,  0.214 0.357 0.643 0.714 0.714 0.714 0.714 0.714 0.714 0.714 0.714 0.714 0.714 0.714 0.714 0.714 0.714 0.714 0.714 0.714 0.714
ObjectPlantFlowerChrysanthemum0019,  0.667 0.889 0.889 0.889 0.889 0.889 0.889 0.889 0.889 0.889 0.889 0.889 0.889 0.889 0.889 0.889 0.889 0.889 1.000 1.000 1.000
ObjectFoodCarrots0024,  0.500 0.750 1.000 1.000 1.000 1.000 1.000 1.000 1.000 1.000 1.000 1.000 1.000 1.000 1.000 1.000 1.000 1.000 1.000 1.000 1.000
ObjectFoodCheddar-cheese00312,  0.083 0.167 0.417 0.500 0.500 0.500 0.500 0.500 0.583 0.583 0.583 0.667 0.667 0.667 0.667 0.750 0.833 0.833 0.833 0.833 0.833
ObjectAnimalDog0037,  0.286 0.429 0.714 0.714 0.857 0.857 0.857 0.857 0.857 0.857 0.857 0.857 0.857 0.857 0.857 0.857 0.857 0.857 0.857 0.857 0.857
ObjectVehiclesBeetle0036,  0.167 0.333 0.333 0.333 0.333 0.333 0.333 0.333 0.333 0.333 0.333 0.333 0.333 0.333 0.333 0.333 0.333 0.333 0.333 0.333 0.333
ObjectAnimalCat0114,  0.500 1.000 1.000 1.000 1.000 1.000 1.000 1.000 1.000 1.000 1.000 1.000 1.000 1.000 1.000 1.000 1.000 1.000 1.000 1.000 1.000
ObjectPlantFlowerTulipa0023,  0.333 0.667 0.667 0.667 0.667 0.667 0.667 0.667 0.667 0.667 0.667 0.667 0.667 0.667 0.667 0.667 0.667 0.667 0.667 0.667 0.667
ObjectPlantFlowerDaisy00419,  0.316 0.421 0.526 0.895 0.947 0.947 0.947 0.947 0.947 0.947 0.947 0.947 0.947 0.947 0.947 0.947 0.947 0.947 0.947 0.947 0.947
ObjectVehiclesAirportbus00510,  0.100 0.200 0.200 0.200 0.200 0.300 0.400 0.400 0.400 0.500 0.500 0.500 0.700 0.700 0.700 0.700 0.700 0.700 0.700 0.800 0.900
ObjectAnimalDog0057,  0.286 0.429 0.571 0.571 0.571 0.714 0.714 0.714 0.714 0.714 0.857 1.000 1.000 1.000 1.000 1.000 1.000 1.000 1.000 1.000 1.000
ObjectAnimalBird0026,  0.500 0.500 0.500 0.500 0.500 0.500 0.500 0.500 0.500 0.500 0.500 0.500 0.500 0.500 0.500 0.500 0.500 0.500 0.500 0.500 0.500
ObjectFoodChocolate-chip-cookie0036,  0.167 0.167 0.167 0.167 0.167 0.167 0.167 0.167 0.167 0.167 0.167 0.167 0.167 0.167 0.167 0.167 0.333 0.500 0.833 0.833 1.000
ObjectFoodCoffee0035,  0.200 0.200 0.200 0.200 0.200 0.200 0.200 0.200 0.200 0.200 0.200 0.200 0.200 0.200 0.400 0.600 0.600 0.600 0.600 0.800 0.800
ObjectPlantFlowerViolet00217,  0.706 0.706 0.706 0.941 1.000 1.000 1.000 1.000 1.000 1.000 1.000 1.000 1.000 1.000 1.000 1.000 1.000 1.000 1.000 1.000 1.000
ObjectAnimalDog0028,  0.375 0.375 0.375 0.375 0.375 0.375 0.375 0.375 0.375 0.375 0.375 0.375 0.375 0.375 0.375 0.500 0.500 0.500 0.500 0.500 0.500
ObjectVehiclesAirportbus0064,  0.750 0.750 1.000 1.000 1.000 1.000 1.000 1.000 1.000 1.000 1.000 1.000 1.000 1.000 1.000 1.000 1.000 1.000 1.000 1.000 1.000
ObjectFoodCarrots00139,  0.154 0.462 0.564 0.769 0.923 0.949 1.000 1.000 1.000 1.000 1.000 1.000 1.000 1.000 1.000 1.000 1.000 1.000 1.000 1.000 1.000
ObjectVehiclesAirportbus0047,  0.143 0.143 0.143 0.286 0.286 0.286 0.286 0.286 0.429 0.429 0.429 0.429 0.429 0.429 0.429 0.429 0.429 0.429 0.429 0.714 0.714
ObjectPlantFlowerRose00310,  0.200 0.300 0.300 0.400 0.500 0.600 0.600 0.600 0.600 0.700 0.700 0.700 0.700 0.700 0.700 0.700 0.700 0.700 0.700 0.700 0.700
ObjectAnimalCat00515,  0.800 0.800 0.800 0.800 0.800 0.800 0.800 0.800 0.800 0.800 0.800 0.800 0.800 0.800 0.867 0.867 0.867 0.867 0.933 0.933 1.000
ObjectVehiclesAirportbus0024,  0.500 0.500 0.500 0.500 0.500 0.500 0.500 0.500 0.500 0.500 0.500 0.500 0.500 0.500 0.500 0.500 0.500 0.500 0.500 0.500 0.500
ObjectVehiclesHelicopter00211,  0.182 0.545 0.909 1.000 1.000 1.000 1.000 1.000 1.000 1.000 1.000 1.000 1.000 1.000 1.000 1.000 1.000 1.000 1.000 1.000 1.000
ObjectVehiclesBike00160,  0.183 0.183 0.300 0.500 0.683 0.733 0.817 0.883 0.883 0.900 0.950 0.967 0.967 0.967 0.967 0.967 0.967 0.967 0.967 0.967 0.983
ObjectFoodBurger0027,  0.286 0.286 0.286 0.429 0.429 0.429 0.429 0.429 0.429 0.429 0.429 0.429 0.571 0.571 0.571 0.571 0.571 0.571 0.857 0.857 0.857
ObjectFoodChocolate-chip-cookie0092,  0.500 0.500 0.500 0.500 0.500 1.000 1.000 1.000 1.000 1.000 1.000 1.000 1.000 1.000 1.000 1.000 1.000 1.000 1.000 1.000 1.000
ObjectPlantFruitBanana0037,  0.333 0.333 0.833 0.833 0.833 1.000 1.000 1.000 1.000 1.000 1.000 1.000 1.000 1.000 1.000 1.000 1.000 1.000 1.000 1.000 1.000
ObjectFoodCoffee00113,  0.154 0.154 0.231 0.231 0.231 0.231 0.231 0.231 0.308 0.385 0.385 0.385 0.385 0.385 0.462 0.462 0.462 0.462 0.462 0.462 0.462
ObjectVehiclesAirportbus0035,  0.600 1.000 1.000 1.000 1.000 1.000 1.000 1.000 1.000 1.000 1.000 1.000 1.000 1.000 1.000 1.000 1.000 1.000 1.000 1.000 1.000
ObjectPlantFlowerCarnation00213,  0.077 0.077 0.077 0.154 0.154 0.231 0.231 0.231 0.231 0.231 0.308 0.308 0.308 0.385 0.692 0.692 0.692 0.692 0.692 0.692 0.692
ObjectPlantFlowerDaffodil00113,  0.077 0.077 0.077 0.077 0.154 0.231 0.308 0.385 0.385 0.462 0.538 0.615 0.615 0.692 0.692 0.692 0.692 0.692 0.692 0.692 0.692
ObjectOtherArtwork0035,  0.400 0.600 0.600 0.600 0.600 0.600 0.600 0.600 0.600 0.600 0.600 0.600 0.600 0.600 0.600 0.600 0.600 0.600 0.600 0.600 0.600
ObjectPlantFlowerSunFlower00165,  0.123 0.200 0.308 0.446 0.677 0.723 0.831 0.846 0.877 0.877 0.908 0.908 0.908 0.908 0.908 0.908 0.908 0.908 0.908 0.908 0.908
ObjectPlantFlowerholly0022,  0.500 0.500 0.500 0.500 1.000 1.000 1.000 1.000 1.000 1.000 1.000 1.000 1.000 1.000 1.000 1.000 1.000 1.000 1.000 1.000 1.000
ObjectAnimalCat02313,  0.231 0.308 0.308 0.385 0.385 0.538 0.615 0.692 0.692 0.769 0.846 0.846 0.846 0.846 0.846 0.846 0.846 0.846 0.846 0.846 0.846
ObjectPlantFlowerViolet0034,  0.500 0.500 0.500 0.500 0.500 0.500 0.500 0.750 1.000 1.000 1.000 1.000 1.000 1.000 1.000 1.000 1.000 1.000 1.000 1.000 1.000
ObjectFoodBeer-Cup0038,  0.250 0.375 0.375 0.375 0.500 0.500 0.500 0.500 0.500 0.625 0.625 0.625 0.625 0.625 0.625 0.625 0.625 0.625 0.625 0.625 0.625
ObjectOtherToyBear9,  0.222 0.556 0.556 0.778 0.778 0.778 0.778 0.778 0.778 0.778 0.778 0.889 1.000 1.000 1.000 1.000 1.000 1.000 1.000 1.000 1.000
ObjectFoodChocolate-chip-cookie00811,  0.273 0.273 0.364 0.545 0.545 0.545 0.545 0.545 0.636 0.636 0.636 0.636 0.636 0.636 0.727 0.727 0.727 0.727 0.727 0.727 0.727
ObjectAnimalCat0166,  0.667 0.667 0.833 0.833 0.833 1.000 1.000 1.000 1.000 1.000 1.000 1.000 1.000 1.000 1.000 1.000 1.000 1.000 1.000 1.000 1.000
ObjectAnimalDog00920,  0.100 0.100 0.100 0.100 0.150 0.250 0.300 0.300 0.300 0.300 0.300 0.300 0.350 0.350 0.350 0.350 0.350 0.400 0.400 0.400 0.400
ObjectAnimalBird0016,  0.167 0.500 0.667 0.833 1.000 1.000 1.000 1.000 1.000 1.000 1.000 1.000 1.000 1.000 1.000 1.000 1.000 1.000 1.000 1.000 1.000
ObjectPlantFlowerSunFlower0045,  0.200 0.200 0.200 0.200 0.200 0.200 0.200 0.200 0.200 0.200 0.200 0.200 0.200 0.200 0.200 0.200 0.200 0.200 0.200 0.200 0.200
ObjectAnimalDog0104,  0.250 0.250 0.250 0.250 0.250 0.250 0.250 0.250 0.250 0.250 0.250 0.250 0.250 0.250 0.250 0.250 0.250 0.250 0.250 0.250 0.250
ObjectAnimalCat0085,  0.400 0.600 0.600 0.600 0.600 0.600 0.600 0.600 0.600 0.600 0.600 0.600 0.600 0.600 0.600 0.600 0.600 0.600 0.600 0.600 0.600
ObjectFoodChocolate-chip-cookie0066,  0.167 0.167 0.333 0.333 0.333 0.333 0.333 0.333 0.500 0.500 0.500 0.500 0.500 0.667 0.667 0.667 0.667 0.667 0.667 0.667 0.667
ObjectVehiclesAirportbus00110,  0.500 0.900 1.000 1.000 1.000 1.000 1.000 1.000 1.000 1.000 1.000 1.000 1.000 1.000 1.000 1.000 1.000 1.000 1.000 1.000 1.000
ObjectAnimalDog01213,  0.231 0.385 0.385 0.462 0.462 0.615 0.692 0.692 0.692 0.692 0.692 0.692 0.692 0.692 0.692 0.692 0.692 0.692 0.692 0.692 0.692
ObjectAnimalCat0106,  0.500 0.500 0.667 0.667 0.667 0.667 0.667 0.667 0.667 0.667 0.667 0.667 0.667 0.667 0.667 0.667 0.667 0.667 0.667 0.667 0.667
ObjectPlantFlowerDaffodil00234,  0.088 0.088 0.176 0.324 0.471 0.588 0.735 0.853 0.882 0.882 0.912 0.912 0.912 0.941 0.941 0.941 0.941 0.941 0.941 0.941 0.941
ObjectAnimalDogCat00248,  0.188 0.229 0.250 0.417 0.833 0.833 1.000 1.000 1.000 1.000 1.000 1.000 1.000 1.000 1.000 1.000 1.000 1.000 1.000 1.000 1.000
ObjectFoodbutter00210,  0.300 0.300 0.400 0.600 0.600 0.600 0.600 0.600 0.600 0.600 0.600 0.600 0.600 0.600 0.600 0.600 0.600 0.600 0.600 0.600 0.600
ObjectFoodChili-with-beans32,  0.094 0.094 0.312 0.375 0.469 0.625 0.688 0.719 0.781 0.812 0.875 0.875 0.875 0.875 0.875 0.875 0.906 0.906 0.969 0.969 0.969
ObjectAnimalCat0139,  0.111 0.111 0.111 0.111 0.111 0.111 0.111 0.111 0.111 0.111 0.111 0.111 0.111 0.111 0.111 0.111 0.111 0.111 0.111 0.222 0.222
ObjectAnimalCat00416,  0.125 0.250 0.250 0.250 0.250 0.250 0.250 0.250 0.250 0.250 0.250 0.250 0.250 0.250 0.250 0.250 0.250 0.250 0.250 0.250 0.250
ObjectAnimalCat0097,  0.429 0.571 1.000 1.000 1.000 1.000 1.000 1.000 1.000 1.000 1.000 1.000 1.000 1.000 1.000 1.000 1.000 1.000 1.000 1.000 1.000
ObjectPlantFlowerCarnation00121,  0.048 0.095 0.095 0.238 0.286 0.429 0.524 0.571 0.571 0.571 0.619 0.619 0.667 0.667 0.667 0.667 0.667 0.667 0.667 0.714 0.810
ObjectPlantTree00120,  0.300 0.650 0.800 0.800 0.800 0.800 0.800 0.800 0.800 0.800 0.850 0.900 0.950 1.000 1.000 1.000 1.000 1.000 1.000 1.000 1.000
ObjectFoodBurger00117,  0.062 0.062 0.125 0.250 0.250 0.250 0.250 0.250 0.250 0.312 0.312 0.375 0.375 0.375 0.375 0.375 0.375 0.438 0.438 0.438 0.438
ObjectAnimalCat0246,  0.167 0.167 0.167 0.333 0.333 0.333 0.667 1.000 1.000 1.000 1.000 1.000 1.000 1.000 1.000 1.000 1.000 1.000 1.000 1.000 1.000
ObjectAnimalDog02018,  0.056 0.056 0.056 0.056 0.056 0.056 0.056 0.056 0.056 0.056 0.056 0.111 0.222 0.222 0.222 0.222 0.278 0.278 0.278 0.333 0.333
ObjectPlantFlowerRose0055,  0.600 0.600 0.800 1.000 1.000 1.000 1.000 1.000 1.000 1.000 1.000 1.000 1.000 1.000 1.000 1.000 1.000 1.000 1.000 1.000 1.000
ObjectAnimalDog02523,  0.217 0.522 0.696 1.000 1.000 1.000 1.000 1.000 1.000 1.000 1.000 1.000 1.000 1.000 1.000 1.000 1.000 1.000 1.000 1.000 1.000
ObjectAnimalCat0215,  0.200 0.200 0.200 0.200 0.200 0.200 0.200 0.200 0.200 0.400 0.800 0.800 0.800 0.800 0.800 0.800 0.800 0.800 0.800 0.800 0.800
ObjectPlantFlowerDaisy0023,  0.667 1.000 1.000 1.000 1.000 1.000 1.000 1.000 1.000 1.000 1.000 1.000 1.000 1.000 1.000 1.000 1.000 1.000 1.000 1.000 1.000
ObjectAnimalDog0226,  0.500 0.500 0.833 0.833 0.833 0.833 0.833 0.833 1.000 1.000 1.000 1.000 1.000 1.000 1.000 1.000 1.000 1.000 1.000 1.000 1.000
ObjectFoodMacaron11,  0.182 0.364 0.545 0.545 0.545 0.545 0.636 0.636 0.636 0.636 0.636 0.636 0.727 0.909 0.909 0.909 0.909 0.909 0.909 0.909 0.909
ObjectFoodCorn37,  0.486 0.486 0.486 0.703 0.784 0.865 0.892 0.919 0.946 0.973 1.000 1.000 1.000 1.000 1.000 1.000 1.000 1.000 1.000 1.000 1.000
ObjectOtherBusiness-Card30,  0.100 0.133 0.267 0.267 0.367 0.433 0.567 0.633 0.667 0.667 0.667 0.700 0.700 0.733 0.767 0.767 0.767 0.767 0.767 0.767 0.767
ObjectVehiclesBeetle0027,  0.143 0.143 0.143 0.143 0.143 0.143 0.143 0.143 0.143 0.143 0.143 0.143 0.143 0.143 0.143 0.143 0.143 0.143 0.143 0.143 0.143
ObjectPlantFlowerRose00114,  0.286 0.286 0.500 0.571 0.714 0.786 0.786 0.786 0.786 0.857 0.857 0.857 0.857 0.929 1.000 1.000 1.000 1.000 1.000 1.000 1.000
ObjectVehiclesBeetle0072,  0.500 0.500 0.500 0.500 0.500 0.500 0.500 0.500 0.500 0.500 0.500 0.500 0.500 0.500 0.500 0.500 0.500 0.500 0.500 0.500 0.500
ObjectPlantFruitBanana00217,  0.588 0.588 0.647 0.824 0.882 0.882 0.882 0.882 0.882 0.882 0.882 0.882 0.882 0.882 0.882 0.882 0.882 0.882 0.882 0.882 0.882
ObjectAnimalCat02043,  0.047 0.093 0.116 0.186 0.186 0.326 0.349 0.419 0.512 0.512 0.581 0.674 0.791 0.837 0.837 0.837 0.837 0.860 0.860 0.860 0.860
ObjectAnimalCat0075,  1.000 1.000 1.000 1.000 1.000 1.000 1.000 1.000 1.000 1.000 1.000 1.000 1.000 1.000 1.000 1.000 1.000 1.000 1.000 1.000 1.000
ObjectPlantFlowerTulipa0086,  0.500 0.500 0.667 0.833 0.833 0.833 0.833 0.833 0.833 1.000 1.000 1.000 1.000 1.000 1.000 1.000 1.000 1.000 1.000 1.000 1.000
ObjectPlantFlowerholly0036,  0.167 0.167 0.500 0.667 0.667 0.667 0.667 0.667 0.667 0.667 0.667 0.667 0.667 0.667 0.667 0.667 0.667 0.667 0.667 0.667 0.667
ObjectPlantFlowerRose00217,  0.176 0.176 0.353 0.412 0.588 0.706 0.824 0.824 0.882 0.941 0.941 0.941 0.941 0.941 0.941 0.941 0.941 0.941 0.941 0.941 0.941
ObjectFoodBagel0023,  0.500 0.500 0.500 0.500 0.500 0.500 0.500 0.500 0.500 0.500 0.500 0.500 0.500 0.500 0.500 0.500 0.500 0.500 0.500 0.500 0.500
ObjectAnimalDogHuman0026,  0.833 0.833 0.833 0.833 0.833 0.833 1.000 1.000 1.000 1.000 1.000 1.000 1.000 1.000 1.000 1.000 1.000 1.000 1.000 1.000 1.000
ObjectAnimalDogCat00124,  0.458 0.458 0.792 0.792 0.792 0.792 0.792 0.792 0.792 0.792 0.792 0.792 0.792 0.792 0.833 0.917 0.917 0.917 0.917 0.917 0.917
ObjectFoodCoffee0045,  0.200 0.400 0.400 0.400 0.400 0.400 0.400 0.400 0.400 0.400 0.400 0.400 0.400 0.400 0.400 0.400 0.400 0.400 0.400 0.400 0.400
ObjectFoodChocolate-chip-cookie0102,  1.000 1.000 1.000 1.000 1.000 1.000 1.000 1.000 1.000 1.000 1.000 1.000 1.000 1.000 1.000 1.000 1.000 1.000 1.000 1.000 1.000
ObjectPlantFlowerDaisy0075,  0.200 0.200 0.400 0.400 0.400 0.800 0.800 0.800 0.800 0.800 0.800 0.800 0.800 0.800 0.800 0.800 0.800 0.800 0.800 0.800 0.800
ObjectPlantFlowerTulipa0033,  0.333 1.000 1.000 1.000 1.000 1.000 1.000 1.000 1.000 1.000 1.000 1.000 1.000 1.000 1.000 1.000 1.000 1.000 1.000 1.000 1.000
ObjectPlantFlowerDaisy00315,  0.933 0.933 0.933 1.000 1.000 1.000 1.000 1.000 1.000 1.000 1.000 1.000 1.000 1.000 1.000 1.000 1.000 1.000 1.000 1.000 1.000
ObjectVehiclesBeetle0045,  0.200 0.400 0.400 0.400 0.400 0.400 0.400 0.400 0.400 0.400 0.400 0.400 0.400 0.400 0.400 0.400 0.400 0.400 0.400 0.400 0.400
ObjectAnimalCat0179,  0.222 0.667 0.889 0.889 0.889 0.889 0.889 0.889 0.889 0.889 0.889 0.889 0.889 0.889 0.889 0.889 0.889 0.889 0.889 0.889 0.889
ObjectPlantFlowerTulipa00914,  0.077 0.154 0.231 0.308 0.308 0.308 0.308 0.308 0.308 0.385 0.385 0.385 0.462 0.615 0.615 0.692 0.692 0.692 0.692 0.692 0.692
ObjectAnimalDog0238,  0.125 0.125 0.125 0.125 0.125 0.125 0.125 0.125 0.125 0.125 0.125 0.125 0.250 0.250 0.250 0.250 0.250 0.250 0.250 0.250 0.250
ObjectAnimalDog0267,  0.143 0.286 0.571 0.714 1.000 1.000 1.000 1.000 1.000 1.000 1.000 1.000 1.000 1.000 1.000 1.000 1.000 1.000 1.000 1.000 1.000
ObjectFoodChocolate-chip-cookie0072,  0.500 0.500 0.500 0.500 0.500 0.500 0.500 0.500 0.500 0.500 0.500 0.500 0.500 0.500 0.500 0.500 0.500 0.500 0.500 0.500 0.500
ObjectAnimalCat02718,  0.056 0.111 0.389 0.389 0.389 0.389 0.389 0.389 0.389 0.389 0.444 0.500 0.500 0.500 0.500 0.500 0.556 0.667 0.778 0.889 0.944
ObjectVehiclesAirtug4,  0.250 0.250 0.250 0.250 0.250 0.250 0.250 0.250 0.250 0.250 0.250 0.250 0.250 0.500 0.500 0.500 0.500 0.500 0.500 0.500 0.500
ObjectFoodChicken-breast29,  0.034 0.103 0.345 0.379 0.517 0.552 0.655 0.655 0.690 0.690 0.759 0.759 0.793 0.828 0.862 0.897 0.931 0.931 0.931 0.931 0.931
ObjectVehiclesCar0013,  0.667 1.000 1.000 1.000 1.000 1.000 1.000 1.000 1.000 1.000 1.000 1.000 1.000 1.000 1.000 1.000 1.000 1.000 1.000 1.000 1.000
ObjectAnimalDog01812,  0.167 0.167 0.167 0.167 0.167 0.167 0.167 0.250 0.333 0.333 0.333 0.333 0.333 0.333 0.333 0.333 0.417 0.417 0.417 0.417 0.417
ObjectAnimalDog0046,  0.333 0.333 0.333 0.333 0.333 0.667 0.833 1.000 1.000 1.000 1.000 1.000 1.000 1.000 1.000 1.000 1.000 1.000 1.000 1.000 1.000
ObjectFoodChocolate-chip-cookie0056,  0.333 0.333 0.333 0.333 0.333 0.333 0.333 0.333 0.333 0.333 0.500 0.500 0.500 0.500 0.500 0.500 0.500 0.500 0.500 0.500 0.500
ObjectFoodCola1,  1.000 1.000 1.000 1.000 1.000 1.000 1.000 1.000 1.000 1.000 1.000 1.000 1.000 1.000 1.000 1.000 1.000 1.000 1.000 1.000 1.000
ObjectPlantFlowerChrysanthemum0037,  0.429 1.000 1.000 1.000 1.000 1.000 1.000 1.000 1.000 1.000 1.000 1.000 1.000 1.000 1.000 1.000 1.000 1.000 1.000 1.000 1.000
ObjectPlantFlowerChrysanthemum0026,  0.500 0.833 0.833 0.833 0.833 1.000 1.000 1.000 1.000 1.000 1.000 1.000 1.000 1.000 1.000 1.000 1.000 1.000 1.000 1.000 1.000
ObjectAnimalDog01620,  0.100 0.100 0.150 0.300 0.500 0.600 0.650 0.650 0.650 0.650 0.650 0.650 0.650 0.650 0.650 0.650 0.650 0.650 0.650 0.650 0.650
ObjectFoodChocolate-chip-cookie0048,  0.125 0.375 0.375 0.375 0.375 0.375 0.500 0.500 0.625 0.625 0.625 0.625 0.625 0.625 0.625 0.750 0.750 0.750 0.750 0.750 0.750
ObjectAnimalDog0218,  0.250 0.625 1.000 1.000 1.000 1.000 1.000 1.000 1.000 1.000 1.000 1.000 1.000 1.000 1.000 1.000 1.000 1.000 1.000 1.000 1.000
ObjectAnimalDog0249,  0.222 0.333 0.333 0.333 0.333 0.333 0.333 0.333 0.333 0.333 0.333 0.556 0.556 0.556 0.556 0.556 0.556 0.667 0.667 0.667 0.667
ObjectOtherPainting00114,  0.286 0.357 0.643 0.786 0.929 0.929 0.929 0.929 0.929 0.929 0.929 0.929 1.000 1.000 1.000 1.000 1.000 1.000 1.000 1.000 1.000
ObjectFoodCoffee0056,  0.167 0.167 0.167 0.167 0.167 0.167 0.167 0.167 0.167 0.167 0.167 0.167 0.167 0.167 0.167 0.167 0.167 0.167 0.167 0.167 0.167
ObjectAnimalDog01912,  0.333 0.333 0.583 0.583 0.833 0.917 1.000 1.000 1.000 1.000 1.000 1.000 1.000 1.000 1.000 1.000 1.000 1.000 1.000 1.000 1.000
ObjectFoodBread00213,  0.462 0.462 0.615 0.615 0.615 0.615 0.615 0.692 0.692 0.692 0.692 0.692 0.692 0.692 0.692 0.692 0.692 0.692 0.769 0.769 0.769
ObjectAnimalDog01714,  0.143 0.143 0.357 0.643 0.929 1.000 1.000 1.000 1.000 1.000 1.000 1.000 1.000 1.000 1.000 1.000 1.000 1.000 1.000 1.000 1.000
ObjectPlantFlowerDaisy00530,  0.179 0.214 0.429 0.536 0.607 0.643 0.643 0.643 0.643 0.679 0.679 0.714 0.714 0.714 0.714 0.714 0.714 0.714 0.714 0.714 0.714
ObjectAnimalCat01920,  0.200 0.200 0.250 0.300 0.350 0.400 0.550 0.550 0.550 0.550 0.600 0.650 0.700 0.700 0.700 0.700 0.750 0.750 0.800 0.850 0.850
ObjectPlantFlowerRose0046,  0.333 0.667 0.667 0.667 0.667 0.667 0.667 0.667 0.667 0.667 0.833 0.833 0.833 0.833 0.833 0.833 1.000 1.000 1.000 1.000 1.000
ObjectPlantFlowerDaisy0016,  0.667 1.000 1.000 1.000 1.000 1.000 1.000 1.000 1.000 1.000 1.000 1.000 1.000 1.000 1.000 1.000 1.000 1.000 1.000 1.000 1.000
ObjectFoodToast23,  0.174 0.174 0.304 0.348 0.435 0.435 0.478 0.478 0.478 0.478 0.478 0.478 0.478 0.478 0.478 0.652 0.652 0.652 0.739 0.783 0.826
ObjectAnimalInsectBee0026,  0.667 1.000 1.000 1.000 1.000 1.000 1.000 1.000 1.000 1.000 1.000 1.000 1.000 1.000 1.000 1.000 1.000 1.000 1.000 1.000 1.000
ObjectPlantFlowerTulipa00612,  0.167 0.167 0.167 0.167 0.167 0.167 0.167 0.167 0.167 0.167 0.167 0.167 0.167 0.167 0.167 0.167 0.167 0.167 0.167 0.250 0.333
ObjectAnimalDog02717,  0.059 0.059 0.059 0.059 0.118 0.118 0.118 0.118 0.176 0.235 0.235 0.353 0.353 0.412 0.412 0.412 0.412 0.471 0.706 0.882 0.941
ObjectFoodBread00117,  0.235 0.294 0.294 0.353 0.412 0.412 0.412 0.412 0.412 0.471 0.471 0.471 0.471 0.471 0.471 0.471 0.471 0.471 0.471 0.471 0.471
ObjectOtherArtwork0025,  0.400 0.800 1.000 1.000 1.000 1.000 1.000 1.000 1.000 1.000 1.000 1.000 1.000 1.000 1.000 1.000 1.000 1.000 1.000 1.000 1.000
ObjectAnimalDog0138,  0.750 0.750 0.750 0.875 1.000 1.000 1.000 1.000 1.000 1.000 1.000 1.000 1.000 1.000 1.000 1.000 1.000 1.000 1.000 1.000 1.000
ObjectAnimalCat00624,  0.042 0.042 0.042 0.042 0.042 0.042 0.042 0.042 0.042 0.083 0.083 0.083 0.083 0.083 0.083 0.083 0.083 0.083 0.083 0.083 0.083
ObjectAnimalDog0078,  0.375 0.375 0.375 0.500 1.000 1.000 1.000 1.000 1.000 1.000 1.000 1.000 1.000 1.000 1.000 1.000 1.000 1.000 1.000 1.000 1.000
ObjectVehiclesBeetle0067,  0.143 0.143 0.143 0.143 0.143 0.143 0.143 0.143 0.143 0.143 0.143 0.143 0.143 0.143 0.143 0.143 0.143 0.143 0.143 0.143 0.143
ObjectFoodCheddar-cheese0022,  0.500 0.500 0.500 0.500 0.500 0.500 0.500 0.500 0.500 0.500 0.500 0.500 0.500 0.500 0.500 0.500 0.500 0.500 1.000 1.000 1.000
ObjectPlantFlowerTulipa00116,  0.125 0.188 0.250 0.375 0.438 0.562 0.625 0.688 0.688 0.688 0.750 0.812 0.812 0.812 0.812 0.812 0.812 0.812 0.812 0.812 0.812
ObjectAnimalInsectBee0018,  0.125 0.125 0.250 0.250 0.250 0.250 0.250 0.375 0.500 0.500 0.625 0.625 0.625 0.625 0.625 0.625 0.625 0.625 0.625 0.625 0.625
ObjectFoodBagel00115,  0.231 0.231 0.462 0.462 0.462 0.538 0.615 0.692 0.692 0.846 0.846 0.846 0.846 0.846 0.846 0.846 0.846 0.846 0.846 0.846 0.846
ObjectVehiclesBeetle00110,  0.100 0.100 0.100 0.100 0.100 0.100 0.100 0.100 0.100 0.200 0.200 0.200 0.200 0.200 0.200 0.300 0.500 0.700 0.700 0.700 0.700
