SceneMeetConcert00419,  0.053 0.053 0.053 0.053 0.053 0.105 0.211 0.579 0.789 0.789 0.789 0.789 0.789 0.789 0.789 0.842 0.895 0.895 0.895 0.895 0.895
ScenePlace-SportAirPistol00139,  0.103 0.205 0.333 0.359 0.385 0.436 0.487 0.487 0.487 0.487 0.487 0.487 0.487 0.513 0.538 0.538 0.538 0.538 0.538 0.538 0.564
ScenePlaceBean00326,  0.038 0.077 0.077 0.115 0.115 0.115 0.115 0.154 0.154 0.154 0.231 0.231 0.231 0.231 0.231 0.231 0.231 0.269 0.269 0.269 0.308
SceneNaturalCave00115,  0.200 0.267 0.333 0.467 0.533 0.733 0.933 0.933 0.933 0.933 1.000 1.000 1.000 1.000 1.000 1.000 1.000 1.000 1.000 1.000 1.000
SceneNaturalSky00111,  0.636 1.000 1.000 1.000 1.000 1.000 1.000 1.000 1.000 1.000 1.000 1.000 1.000 1.000 1.000 1.000 1.000 1.000 1.000 1.000 1.000
SceneNaturalSky0046,  0.333 0.667 0.667 1.000 1.000 1.000 1.000 1.000 1.000 1.000 1.000 1.000 1.000 1.000 1.000 1.000 1.000 1.000 1.000 1.000 1.000
SceneNaturalSnow00142,  0.310 0.310 0.357 0.667 0.881 0.929 0.976 1.000 1.000 1.000 1.000 1.000 1.000 1.000 1.000 1.000 1.000 1.000 1.000 1.000 1.000
ScenePlaceBuckinghamPalace00247,  0.149 0.149 0.255 0.489 0.553 0.638 0.681 0.766 0.787 0.809 0.830 0.830 0.851 0.872 0.872 0.872 0.894 0.894 0.915 0.915 0.936
SceneCity-Building01211,  0.182 0.455 0.455 0.636 0.909 1.000 1.000 1.000 1.000 1.000 1.000 1.000 1.000 1.000 1.000 1.000 1.000 1.000 1.000 1.000 1.000
SceneNaturalSky00219,  0.158 0.263 0.526 0.789 0.789 0.947 1.000 1.000 1.000 1.000 1.000 1.000 1.000 1.000 1.000 1.000 1.000 1.000 1.000 1.000 1.000
ScenePlaceBorobudur00924,  0.083 0.083 0.125 0.125 0.167 0.167 0.167 0.208 0.208 0.250 0.250 0.250 0.250 0.333 0.417 0.417 0.417 0.458 0.458 0.500 0.542
ScenePlaceBorobudur0073,  0.333 0.333 0.333 0.333 0.333 0.333 0.333 0.333 0.333 0.333 0.333 0.333 0.333 0.333 0.333 0.333 0.333 0.333 0.333 0.333 0.333
SceneNaturalSnow00214,  0.500 0.643 0.857 1.000 1.000 1.000 1.000 1.000 1.000 1.000 1.000 1.000 1.000 1.000 1.000 1.000 1.000 1.000 1.000 1.000 1.000
SceneNaturalWaterfall0028,  0.500 0.625 0.875 0.875 0.875 0.875 0.875 0.875 0.875 0.875 0.875 0.875 0.875 1.000 1.000 1.000 1.000 1.000 1.000 1.000 1.000
SceneMeetBirthday0016,  0.333 0.500 0.500 0.833 0.833 0.833 0.833 0.833 0.833 0.833 0.833 0.833 0.833 0.833 0.833 0.833 0.833 0.833 0.833 0.833 0.833
SceneMeetBirthday0034,  0.500 0.750 1.000 1.000 1.000 1.000 1.000 1.000 1.000 1.000 1.000 1.000 1.000 1.000 1.000 1.000 1.000 1.000 1.000 1.000 1.000
SceneCity-Building00727,  0.037 0.037 0.111 0.630 0.704 0.815 0.926 0.963 0.963 0.963 0.963 0.963 0.963 0.963 0.963 0.963 0.963 0.963 0.963 0.963 0.963
SceneCity-Building01017,  0.235 0.235 0.235 0.471 0.647 0.765 0.824 0.824 0.882 0.882 0.882 0.882 0.882 0.941 1.000 1.000 1.000 1.000 1.000 1.000 1.000
SceneCity-Building00521,  0.143 0.190 0.190 0.381 0.429 0.476 0.524 0.619 0.667 0.667 0.667 0.714 0.714 0.714 0.762 0.762 0.762 0.762 0.762 0.762 0.762
SceneMeetConcert00311,  0.182 0.273 0.273 0.273 0.273 0.273 0.273 0.273 0.364 0.545 0.727 0.818 0.818 0.818 0.818 0.818 0.818 0.818 0.909 0.909 0.909
ScenePlace-SportAirPistol0025,  1.000 1.000 1.000 1.000 1.000 1.000 1.000 1.000 1.000 1.000 1.000 1.000 1.000 1.000 1.000 1.000 1.000 1.000 1.000 1.000 1.000
SceneCity-Building00221,  0.143 0.190 0.333 0.429 0.619 0.714 0.857 0.857 0.857 0.857 0.857 0.857 0.905 0.905 0.905 0.905 0.905 0.905 0.905 0.952 0.952
ScenePlaceBorobudur0059,  0.222 0.333 0.444 0.556 0.556 0.556 0.556 0.667 0.667 0.667 0.667 0.667 0.667 0.667 0.667 0.667 0.667 0.667 0.667 0.667 0.667
ScenePlaceAcapulco00418,  0.389 0.556 0.833 0.889 0.889 0.889 0.889 0.889 0.889 0.889 0.889 0.889 0.889 0.889 0.889 0.889 0.889 0.889 0.889 0.889 0.889
ScenePlaceBorobudur0024,  0.500 0.500 0.500 0.500 0.500 0.500 0.500 0.500 0.500 0.500 0.500 0.750 0.750 0.750 0.750 0.750 0.750 0.750 0.750 0.750 0.750
SceneNaturalSunrise00515,  0.333 0.400 0.400 0.600 0.800 0.800 0.867 0.867 0.867 0.867 0.867 0.867 0.867 0.867 0.867 0.867 0.867 0.867 0.867 0.867 0.867
ScenePlaceAyersRock00443,  0.116 0.395 0.419 0.674 0.698 0.744 0.814 0.814 0.837 0.837 0.837 0.837 0.884 0.884 0.884 0.884 0.884 0.907 0.907 0.907 0.907
ScenePlaceAswanHighDam00125,  0.480 0.480 0.560 0.760 0.800 0.920 0.920 0.920 0.960 0.960 0.960 1.000 1.000 1.000 1.000 1.000 1.000 1.000 1.000 1.000 1.000
ScenePlace-SportAirPistol00417,  0.235 0.235 0.353 0.412 0.647 0.765 0.882 0.882 0.882 0.882 0.882 0.882 0.882 0.941 0.941 0.941 0.941 0.941 0.941 0.941 0.941
SceneNaturalCloud0019,  0.333 0.444 0.667 1.000 1.000 1.000 1.000 1.000 1.000 1.000 1.000 1.000 1.000 1.000 1.000 1.000 1.000 1.000 1.000 1.000 1.000
SceneMeetConcert0063,  0.667 0.667 0.667 0.667 0.667 0.667 0.667 0.667 0.667 0.667 0.667 0.667 1.000 1.000 1.000 1.000 1.000 1.000 1.000 1.000 1.000
SceneMeetConcert00516,  0.188 0.312 0.375 0.625 0.938 0.938 0.938 0.938 1.000 1.000 1.000 1.000 1.000 1.000 1.000 1.000 1.000 1.000 1.000 1.000 1.000
ScenePlaceAswanHighDam0028,  0.125 0.375 0.375 0.375 0.375 0.375 0.375 0.375 0.375 0.375 0.375 0.375 0.375 0.375 0.375 0.375 0.375 0.375 0.375 0.375 0.375
ScenePlaceTower0017,  0.143 0.143 0.143 0.143 0.143 0.143 0.143 0.143 0.286 0.286 0.429 0.571 0.571 0.714 0.714 0.714 0.714 0.714 0.714 0.714 0.714
SceneNaturalSunrise00311,  0.364 0.545 0.818 0.818 0.909 1.000 1.000 1.000 1.000 1.000 1.000 1.000 1.000 1.000 1.000 1.000 1.000 1.000 1.000 1.000 1.000
ScenePlace-SportDance00121,  0.429 0.476 0.714 0.762 0.810 0.905 0.905 0.952 1.000 1.000 1.000 1.000 1.000 1.000 1.000 1.000 1.000 1.000 1.000 1.000 1.000
ScenePlaceBuckinghamPalace00100120,  0.200 0.200 0.300 0.300 0.300 0.350 0.400 0.450 0.450 0.450 0.450 0.450 0.500 0.550 0.550 0.600 0.650 0.750 0.750 0.750 0.750
SceneNaturalBaseball25,  0.040 0.520 0.520 0.800 0.880 0.960 0.960 0.960 0.960 0.960 0.960 0.960 0.960 0.960 0.960 0.960 0.960 0.960 0.960 0.960 0.960
ScenePlaceBigBeninLondon0014,  0.500 0.500 0.500 0.500 0.500 0.500 0.500 0.500 0.500 0.500 0.500 0.500 0.500 0.500 0.500 0.500 0.500 0.500 0.500 0.500 0.500
ScenePlacebondibeach0028,  0.625 0.750 1.000 1.000 1.000 1.000 1.000 1.000 1.000 1.000 1.000 1.000 1.000 1.000 1.000 1.000 1.000 1.000 1.000 1.000 1.000
ScenePlaceAyersRock00219,  0.105 0.158 0.158 0.211 0.421 0.421 0.421 0.421 0.474 0.526 0.526 0.579 0.632 0.789 0.842 0.842 0.842 0.842 0.842 0.842 0.842
ScenePlacebondibeach0047,  1.000 1.000 1.000 1.000 1.000 1.000 1.000 1.000 1.000 1.000 1.000 1.000 1.000 1.000 1.000 1.000 1.000 1.000 1.000 1.000 1.000
ScenePlace-SportSwimming00200129,  0.172 0.241 0.586 0.690 0.759 0.793 0.862 0.931 0.931 0.931 0.966 1.000 1.000 1.000 1.000 1.000 1.000 1.000 1.000 1.000 1.000
SceneNaturalMountain00139,  0.333 0.333 0.410 0.615 0.846 0.872 0.897 0.897 0.897 0.923 0.949 0.949 0.949 0.949 0.949 0.949 0.949 0.949 0.949 0.949 0.949
ScenePlaceBorobudur0068,  0.125 0.125 0.250 0.500 0.625 0.625 0.625 0.750 0.875 1.000 1.000 1.000 1.000 1.000 1.000 1.000 1.000 1.000 1.000 1.000 1.000
SceneNaturalSunrise0027,  0.714 1.000 1.000 1.000 1.000 1.000 1.000 1.000 1.000 1.000 1.000 1.000 1.000 1.000 1.000 1.000 1.000 1.000 1.000 1.000 1.000
ScenePlace-SportBasketball0017,  0.714 1.000 1.000 1.000 1.000 1.000 1.000 1.000 1.000 1.000 1.000 1.000 1.000 1.000 1.000 1.000 1.000 1.000 1.000 1.000 1.000
SceneCity-Building0154,  1.000 1.000 1.000 1.000 1.000 1.000 1.000 1.000 1.000 1.000 1.000 1.000 1.000 1.000 1.000 1.000 1.000 1.000 1.000 1.000 1.000
ScenePlaceAcapulco0017,  1.000 1.000 1.000 1.000 1.000 1.000 1.000 1.000 1.000 1.000 1.000 1.000 1.000 1.000 1.000 1.000 1.000 1.000 1.000 1.000 1.000
SceneMeetExhibition00126,  0.154 0.269 0.269 0.269 0.346 0.462 0.577 0.577 0.654 0.808 0.846 0.885 0.885 0.885 0.962 1.000 1.000 1.000 1.000 1.000 1.000
ScenePlace-SportArchery0014,  0.750 0.750 1.000 1.000 1.000 1.000 1.000 1.000 1.000 1.000 1.000 1.000 1.000 1.000 1.000 1.000 1.000 1.000 1.000 1.000 1.000
SceneCity-Building01330,  0.133 0.233 0.600 0.767 0.767 0.767 0.767 0.800 0.800 0.800 0.800 0.800 0.800 0.800 0.800 0.800 0.800 0.800 0.800 0.800 0.800
ScenePlace-SportAirPistol0054,  1.000 1.000 1.000 1.000 1.000 1.000 1.000 1.000 1.000 1.000 1.000 1.000 1.000 1.000 1.000 1.000 1.000 1.000 1.000 1.000 1.000
ScenePlace-SportSwimming0019,  0.667 0.889 1.000 1.000 1.000 1.000 1.000 1.000 1.000 1.000 1.000 1.000 1.000 1.000 1.000 1.000 1.000 1.000 1.000 1.000 1.000
SceneCity-Building01425,  0.320 0.560 0.680 0.720 0.760 0.760 0.840 0.920 0.960 0.960 0.960 0.960 0.960 0.960 0.960 0.960 0.960 0.960 0.960 0.960 0.960
ScenePlaceBean00137,  0.189 0.243 0.378 0.378 0.378 0.378 0.405 0.432 0.514 0.514 0.514 0.568 0.595 0.649 0.730 0.730 0.757 0.811 0.865 0.892 0.892
ScenePlaceBuckinghamPalace0010024,  0.250 0.250 0.250 0.500 0.500 0.750 0.750 1.000 1.000 1.000 1.000 1.000 1.000 1.000 1.000 1.000 1.000 1.000 1.000 1.000 1.000
SceneMeetConcert00218,  0.056 0.111 0.278 0.389 0.389 0.500 0.500 0.500 0.500 0.611 0.611 0.611 0.611 0.611 0.611 0.611 0.611 0.611 0.611 0.611 0.667
ScenePlaceAcapulco00312,  0.417 0.833 1.000 1.000 1.000 1.000 1.000 1.000 1.000 1.000 1.000 1.000 1.000 1.000 1.000 1.000 1.000 1.000 1.000 1.000 1.000
SceneMeetConference00126,  0.692 0.692 0.692 0.769 0.885 0.923 0.923 0.923 0.923 0.923 0.923 0.923 0.923 0.923 0.923 0.962 0.962 0.962 0.962 0.962 0.962
ScenePlacebondibeach00341, 
ScenePlace-SportAFC0018,  0.500 0.875 1.000 1.000 1.000 1.000 1.000 1.000 1.000 1.000 1.000 1.000 1.000 1.000 1.000 1.000 1.000 1.000 1.000 1.000 1.000
ScenePlaceAyersRock00113,  0.154 0.231 0.385 0.462 0.538 0.692 0.692 0.769 0.846 0.846 0.846 0.846 0.846 0.846 0.846 0.846 0.846 0.846 0.846 0.846 0.846
SceneNaturalSunrise00410,  0.200 0.900 0.900 1.000 1.000 1.000 1.000 1.000 1.000 1.000 1.000 1.000 1.000 1.000 1.000 1.000 1.000 1.000 1.000 1.000 1.000
SceneCity-Building01126,  0.038 0.038 0.038 0.038 0.038 0.038 0.038 0.077 0.269 0.462 0.692 0.731 0.731 0.769 0.769 0.808 0.808 0.808 0.846 0.885 0.885
SceneMeetConcert00136,  0.278 0.278 0.722 0.806 0.861 0.889 0.889 0.889 0.889 0.889 0.917 0.917 0.917 0.917 0.917 0.917 0.917 0.917 0.917 0.917 0.917
SceneCity-Building00110,  0.300 0.300 0.600 0.800 0.800 0.800 0.800 0.800 0.800 0.800 0.800 0.800 0.800 0.800 0.800 0.800 0.800 0.800 0.900 0.900 0.900
ScenePlace-SportSpecific00126,  0.577 0.577 0.577 0.885 1.000 1.000 1.000 1.000 1.000 1.000 1.000 1.000 1.000 1.000 1.000 1.000 1.000 1.000 1.000 1.000 1.000
ScenePlacebrettweston00112,  0.083 0.083 0.083 0.083 0.083 0.083 0.083 0.083 0.083 0.083 0.083 0.083 0.167 0.167 0.167 0.167 0.167 0.167 0.167 0.167 0.167
ScenePlaceBorobudur0037,  0.143 0.143 0.143 0.143 0.143 0.143 0.143 0.143 0.143 0.143 0.143 0.143 0.143 0.143 0.143 0.143 0.143 0.143 0.143 0.143 0.143
ScenePlace-SportAirPistol00313,  0.077 0.077 0.154 0.385 0.385 0.692 0.769 0.769 0.769 0.846 0.846 0.846 0.846 0.846 0.846 0.846 0.846 0.846 0.846 0.846 0.846
SceneCity-Building00830,  0.067 0.067 0.100 0.167 0.333 0.533 0.667 0.733 0.767 0.767 0.833 0.833 0.867 0.867 0.867 0.867 0.867 0.900 0.900 0.900 0.900
ScenePlaceAcapulco0028,  0.500 0.500 0.500 0.750 0.875 0.875 0.875 0.875 0.875 1.000 1.000 1.000 1.000 1.000 1.000 1.000 1.000 1.000 1.000 1.000 1.000
ScenePlace-SportAFC00215,  0.267 0.267 0.267 0.267 0.267 0.267 0.267 0.267 0.267 0.267 0.267 0.267 0.267 0.267 0.267 0.267 0.267 0.267 0.267 0.267 0.267
ScenePlace-SportSwimming00200229,  0.138 0.138 0.310 0.586 0.759 0.759 0.759 0.759 0.759 0.759 0.759 0.759 0.759 0.793 0.862 0.862 0.862 0.862 0.862 0.862 0.862
SceneNaturalSea0013,  1.000 1.000 1.000 1.000 1.000 1.000 1.000 1.000 1.000 1.000 1.000 1.000 1.000 1.000 1.000 1.000 1.000 1.000 1.000 1.000 1.000
ScenePlace-SportBaseball00145,  0.400 0.400 0.422 0.467 0.667 0.978 1.000 1.000 1.000 1.000 1.000 1.000 1.000 1.000 1.000 1.000 1.000 1.000 1.000 1.000 1.000
SceneCity-Building00654,  0.019 0.019 0.019 0.019 0.019 0.019 0.019 0.019 0.019 0.019 0.019 0.019 0.019 0.056 0.426 0.444 0.778 0.796 0.889 0.907 0.907
ScenePlaceAurora18,  0.056 0.278 0.556 0.611 0.722 0.778 0.778 0.778 0.833 0.889 0.889 0.889 0.889 0.889 0.889 0.889 0.889 0.889 0.889 0.889 0.889
ScenePlacebondibeach00115,  0.133 0.333 0.467 0.467 0.467 0.467 0.467 0.467 0.533 0.667 0.667 0.667 0.733 0.733 0.733 0.733 0.733 0.733 0.733 0.800 0.800
ScenePlaceBorobudur00156,  0.071 0.125 0.179 0.196 0.250 0.339 0.393 0.429 0.446 0.518 0.554 0.554 0.554 0.554 0.554 0.554 0.589 0.589 0.589 0.607 0.607
SceneMeetBirthday00216,  0.125 0.125 0.250 0.438 0.562 0.875 0.938 0.938 0.938 0.938 0.938 0.938 0.938 0.938 0.938 0.938 0.938 0.938 0.938 0.938 0.938
SceneCity-Building00937,  0.135 0.243 0.324 0.432 0.486 0.514 0.541 0.595 0.595 0.595 0.649 0.649 0.649 0.649 0.676 0.730 0.757 0.757 0.757 0.757 0.757
SceneNaturalSky00314,  0.429 0.714 0.786 0.857 1.000 1.000 1.000 1.000 1.000 1.000 1.000 1.000 1.000 1.000 1.000 1.000 1.000 1.000 1.000 1.000 1.000
SceneMeetDinner00132,  0.031 0.031 0.031 0.031 0.094 0.219 0.438 0.594 0.781 0.844 0.906 0.906 0.906 0.906 0.906 0.906 0.906 0.906 0.906 0.906 0.906
SceneCity-Building00437,  0.108 0.216 0.351 0.405 0.541 0.730 0.784 0.811 0.811 0.811 0.838 0.838 0.838 0.865 0.865 0.865 0.865 0.865 0.865 0.865 0.919
ScenePlace-SportFishing00112,  0.417 0.583 0.667 0.750 1.000 1.000 1.000 1.000 1.000 1.000 1.000 1.000 1.000 1.000 1.000 1.000 1.000 1.000 1.000 1.000 1.000
SceneNaturalBeach0017,  0.714 0.714 0.857 0.857 0.857 0.857 0.857 0.857 0.857 1.000 1.000 1.000 1.000 1.000 1.000 1.000 1.000 1.000 1.000 1.000 1.000
ScenePlaceBorobudur0083,  0.667 1.000 1.000 1.000 1.000 1.000 1.000 1.000 1.000 1.000 1.000 1.000 1.000 1.000 1.000 1.000 1.000 1.000 1.000 1.000 1.000
ScenePlaceArchofTriumph61,  0.115 0.115 0.148 0.213 0.328 0.410 0.410 0.475 0.508 0.508 0.508 0.525 0.525 0.525 0.525 0.525 0.525 0.541 0.541 0.590 0.590
SceneCity-Building0167,  0.143 0.143 0.429 0.857 0.857 0.857 1.000 1.000 1.000 1.000 1.000 1.000 1.000 1.000 1.000 1.000 1.000 1.000 1.000 1.000 1.000
ScenePlaceBean00212,  0.167 0.333 0.583 0.750 0.750 0.750 0.750 0.833 0.833 0.833 0.833 0.833 0.833 0.833 0.833 0.833 0.833 0.833 0.833 0.833 0.833
ScenePlaceAyersRock0035,  1.000 1.000 1.000 1.000 1.000 1.000 1.000 1.000 1.000 1.000 1.000 1.000 1.000 1.000 1.000 1.000 1.000 1.000 1.000 1.000 1.000
SceneNaturalSunrise0018,  0.250 0.375 0.750 0.875 1.000 1.000 1.000 1.000 1.000 1.000 1.000 1.000 1.000 1.000 1.000 1.000 1.000 1.000 1.000 1.000 1.000
ScenePlaceBorobudur0048,  0.125 0.250 0.500 0.500 0.500 0.500 0.500 0.625 0.625 0.625 0.625 0.625 0.625 0.625 0.625 0.625 0.625 0.625 0.625 0.625 0.625
SceneNaturalWaterfall00140,  0.125 0.225 0.475 0.525 0.650 0.750 0.825 0.825 0.850 0.875 0.875 0.875 0.875 0.875 0.900 0.925 0.950 0.950 0.950 0.950 0.950
